year, month, day, hour, minute, second, I total up North [MA], I total down North [MA], I day up North [MA], I day down North [MA], I night up North [MA], I night down North [MA], I total up South [MA], I total down South [MA], I day up South [MA], I day down, South [MA], I night up South [MA], I night down South [MA]
2012 11 13 12 00 00     0.56   -0.32    0.24   -0.18    0.33   -0.14    0.65   -0.80    0.52   -0.72    0.13   -0.08
2012 11 13 12 02 00     0.66   -0.65    0.35   -0.44    0.31   -0.20    0.73   -0.86    0.53   -0.67    0.19   -0.18
2012 11 13 12 04 00     0.96   -0.80    0.53   -0.57    0.42   -0.23    0.64   -0.86    0.56   -0.70    0.08   -0.16
2012 11 13 12 06 00     1.08   -1.16    0.55   -0.74    0.53   -0.41    0.78   -1.05    0.66   -0.85    0.12   -0.21
2012 11 13 12 08 00     1.55   -1.75    0.74   -1.08    0.80   -0.67    0.91   -1.30    0.77   -1.04    0.14   -0.26
2012 11 13 12 10 00     1.37   -1.51    0.56   -0.92    0.82   -0.59    0.89   -1.09    0.73   -0.81    0.16   -0.27
2012 11 13 12 12 00     1.40   -1.36    0.55   -0.71    0.85   -0.64    1.21   -1.12    0.80   -0.84    0.41   -0.28
2012 11 13 12 14 00     1.76   -1.47    0.81   -0.86    0.95   -0.61    1.17   -1.25    0.80   -0.92    0.38   -0.33
2012 11 13 12 16 00     1.69   -1.38    0.53   -0.56    1.15   -0.82    1.08   -1.46    0.76   -1.03    0.31   -0.42
2012 11 13 12 18 00     1.40   -1.20    0.35   -0.42    1.05   -0.78    1.24   -1.33    0.94   -0.93    0.29   -0.40
2012 11 13 12 20 00     1.34   -1.11    0.33   -0.31    1.01   -0.80    1.11   -1.37    0.83   -0.92    0.28   -0.45
2012 11 13 12 22 00     1.36   -1.04    0.29   -0.17    1.07   -0.87    1.11   -1.34    0.89   -0.92    0.22   -0.41
2012 11 13 12 24 00     1.35   -1.12    0.35   -0.30    1.01   -0.83    1.28   -1.38    0.96   -0.91    0.32   -0.47
2012 11 13 12 26 00     1.30   -1.03    0.45   -0.39    0.85   -0.64    1.11   -1.30    0.83   -0.86    0.28   -0.43
2012 11 13 12 28 00     1.45   -1.10    0.46   -0.46    0.98   -0.64    1.12   -1.24    0.85   -0.81    0.27   -0.44
2012 11 13 12 30 00     1.35   -1.01    0.38   -0.33    0.97   -0.69    1.19   -1.21    0.88   -0.79    0.31   -0.43
2012 11 13 12 32 00     1.12   -0.87    0.33   -0.33    0.79   -0.54    1.31   -1.26    1.05   -0.86    0.26   -0.40
2012 11 13 12 34 00     1.20   -0.86    0.30   -0.34    0.89   -0.52    1.35   -1.39    1.04   -0.94    0.32   -0.46
2012 11 13 12 36 00     1.48   -1.06    0.39   -0.35    1.09   -0.71    1.53   -1.56    1.20   -1.02    0.33   -0.53
2012 11 13 12 38 00     1.60   -1.15    0.54   -0.52    1.07   -0.63    1.58   -1.44    1.22   -0.97    0.36   -0.47
2012 11 13 12 40 00     1.31   -1.16    0.41   -0.46    0.90   -0.70    1.58   -1.46    1.25   -1.00    0.33   -0.46
2012 11 13 12 42 00     1.16   -1.19    0.26   -0.48    0.90   -0.71    1.83   -1.45    1.52   -1.03    0.31   -0.42
2012 11 13 12 44 00     1.35   -1.31    0.39   -0.54    0.95   -0.77    1.74   -1.47    1.37   -1.05    0.37   -0.43
2012 11 13 12 46 00     1.42   -1.31    0.41   -0.64    1.01   -0.67    1.47   -1.29    1.19   -1.04    0.28   -0.25
2012 11 13 12 48 00     1.61   -1.27    0.39   -0.42    1.22   -0.85    1.35   -1.08    1.06   -0.83    0.29   -0.25
2012 11 13 12 50 00     1.52   -1.15    0.40   -0.37    1.12   -0.78    1.21   -1.02    0.92   -0.77    0.30   -0.25
2012 11 13 12 52 00     1.58   -1.15    0.44   -0.34    1.13   -0.81    1.24   -1.19    0.92   -0.80    0.32   -0.39
2012 11 13 12 54 00     1.64   -1.26    0.45   -0.41    1.19   -0.85    1.32   -1.45    1.07   -0.96    0.25   -0.49
2012 11 13 12 56 00     1.73   -1.40    0.41   -0.45    1.32   -0.96    1.63   -1.66    1.34   -1.17    0.28   -0.48
2012 11 13 12 58 00     1.92   -1.59    0.48   -0.51    1.44   -1.07    1.72   -1.70    1.46   -1.10    0.26   -0.60
2012 11 13 13 00 00     2.22   -1.86    0.72   -0.55    1.50   -1.31    1.70   -1.73    1.50   -1.19    0.20   -0.54
2012 11 13 13 02 00     2.24   -2.03    0.79   -0.67    1.45   -1.36    1.68   -1.81    1.43   -1.19    0.26   -0.62
2012 11 13 13 04 00     2.45   -2.27    0.86   -0.73    1.59   -1.54    1.72   -1.48    1.32   -1.07    0.40   -0.40
2012 11 13 13 06 00     2.47   -2.20    0.83   -0.64    1.64   -1.56    1.49   -1.65    1.26   -1.17    0.23   -0.48
2012 11 13 13 08 00     2.21   -2.03    0.58   -0.47    1.63   -1.56    1.48   -1.57    1.31   -1.17    0.16   -0.40
2012 11 13 13 10 00     2.50   -2.17    0.59   -0.45    1.92   -1.72    1.70   -1.77    1.29   -1.28    0.41   -0.49
2012 11 13 13 12 00     2.41   -2.37    0.60   -0.55    1.81   -1.82    1.54   -1.58    1.03   -1.04    0.51   -0.54
2012 11 13 13 14 00     2.53   -2.37    0.60   -0.61    1.93   -1.76    1.51   -1.34    1.00   -0.85    0.51   -0.49
2012 11 13 13 16 00     2.84   -2.88    0.55   -0.60    2.29   -2.28    1.47   -1.58    0.98   -0.96    0.50   -0.62
2012 11 13 13 18 00     2.90   -2.77    0.55   -0.69    2.36   -2.09    1.64   -1.76    1.01   -1.03    0.63   -0.73
2012 11 13 13 20 00     2.91   -2.74    0.55   -0.72    2.36   -2.03    2.15   -2.18    1.09   -0.96    1.06   -1.22
2012 11 13 13 22 00     2.79   -2.51    0.49   -0.53    2.29   -1.98    2.62   -2.64    1.31   -1.19    1.31   -1.45
2012 11 13 13 24 00     2.98   -2.79    0.47   -0.55    2.51   -2.24    2.65   -2.78    1.33   -1.24    1.33   -1.54
2012 11 13 13 26 00     2.85   -2.54    0.49   -0.44    2.36   -2.10    2.76   -3.01    1.41   -1.40    1.35   -1.62
2012 11 13 13 28 00     2.55   -2.12    0.52   -0.44    2.02   -1.68    3.14   -3.28    1.53   -1.58    1.61   -1.70
2012 11 13 13 30 00     3.56   -3.19    0.69   -0.72    2.87   -2.47    3.33   -3.58    1.35   -1.46    1.98   -2.12
2012 11 13 13 32 00     3.35   -3.11    0.54   -0.69    2.81   -2.42    2.83   -3.03    1.16   -1.25    1.67   -1.79
2012 11 13 13 34 00     3.22   -2.93    0.56   -0.71    2.66   -2.22    2.93   -3.00    1.16   -1.22    1.76   -1.79
2012 11 13 13 36 00     3.49   -3.08    0.67   -0.70    2.82   -2.39    2.81   -2.99    0.95   -1.26    1.86   -1.74
2012 11 13 13 38 00     3.60   -3.42    0.60   -0.78    3.00   -2.63    2.52   -2.29    0.88   -0.93    1.63   -1.36
2012 11 13 13 40 00     3.90   -3.54    0.75   -0.83    3.15   -2.71    3.36   -3.13    1.23   -1.21    2.13   -1.92
2012 11 13 13 42 00     4.62   -4.06    1.47   -1.43    3.15   -2.63    3.53   -3.53    1.19   -1.32    2.35   -2.21
2012 11 13 13 44 00     5.14   -4.61    1.41   -1.54    3.73   -3.07    3.55   -3.47    1.39   -1.38    2.16   -2.09
2012 11 13 13 46 00     5.16   -4.75    1.41   -1.58    3.75   -3.17    3.64   -3.47    1.44   -1.40    2.20   -2.07
2012 11 13 13 48 00     5.17   -4.70    1.39   -1.54    3.78   -3.16    3.75   -3.62    1.60   -1.51    2.15   -2.11
2012 11 13 13 50 00     5.21   -4.56    1.46   -1.59    3.75   -2.97    3.55   -3.38    1.50   -1.37    2.05   -2.01
2012 11 13 13 52 00     5.34   -4.60    1.51   -1.50    3.82   -3.10    3.93   -3.75    1.77   -1.58    2.16   -2.16
2012 11 13 13 54 00     4.96   -4.33    1.55   -1.46    3.41   -2.87    3.97   -3.58    1.84   -1.50    2.13   -2.08
2012 11 13 13 56 00     4.35   -3.62    1.35   -1.17    3.00   -2.45    4.03   -3.66    1.85   -1.60    2.18   -2.06
2012 11 13 13 58 00     4.39   -3.73    1.26   -1.19    3.14   -2.54    3.84   -3.59    1.55   -1.57    2.29   -2.02
2012 11 13 14 00 00     3.74   -3.18    1.18   -1.04    2.56   -2.14    3.60   -3.45    1.62   -1.62    1.98   -1.83
2012 11 13 14 02 00     3.68   -3.23    1.19   -1.01    2.49   -2.22    3.65   -3.41    1.62   -1.62    2.03   -1.80
2012 11 13 14 04 00     4.11   -3.65    1.19   -1.17    2.92   -2.48    3.54   -3.80    1.48   -1.90    2.06   -1.90
2012 11 13 14 06 00     4.01   -3.55    1.10   -1.14    2.91   -2.41    3.69   -3.73    1.64   -1.74    2.05   -1.99
2012 11 13 14 08 00     3.92   -3.47    1.14   -1.19    2.78   -2.29    3.49   -3.28    1.52   -1.67    1.97   -1.61
2012 11 13 14 10 00     3.81   -3.27    0.99   -1.11    2.81   -2.16    3.58   -3.55    1.64   -1.77    1.94   -1.78
2012 11 13 14 12 00     3.83   -3.28    0.89   -1.01    2.94   -2.28    3.50   -3.27    1.50   -1.54    2.00   -1.73
2012 11 13 14 14 00     4.39   -3.90    1.21   -1.33    3.18   -2.57    3.86   -3.33    1.47   -1.58    2.39   -1.75
2012 11 13 14 16 00     4.21   -3.65    1.23   -1.35    2.98   -2.30    4.11   -3.76    1.57   -1.67    2.53   -2.09
2012 11 13 14 18 00     4.22   -3.61    1.27   -1.32    2.95   -2.29    3.66   -3.25    1.54   -1.66    2.12   -1.59
2012 11 13 14 20 00     4.39   -3.76    1.27   -1.35    3.12   -2.42    3.88   -3.53    1.81   -1.83    2.07   -1.70
2012 11 13 14 22 00     4.36   -3.50    1.28   -1.29    3.08   -2.21    3.28   -3.15    1.57   -1.77    1.72   -1.38
2012 11 13 14 24 00     4.18   -3.35    1.34   -1.24    2.84   -2.11    3.37   -3.16    1.44   -1.70    1.93   -1.47
2012 11 13 14 26 00     4.39   -3.94    1.38   -1.57    3.01   -2.36    2.48   -2.54    1.08   -1.30    1.40   -1.23
2012 11 13 14 28 00     4.36   -3.92    1.41   -1.61    2.95   -2.31    2.56   -2.53    1.14   -1.33    1.42   -1.20
2012 11 13 14 30 00     4.48   -4.12    1.36   -1.77    3.12   -2.35    2.81   -2.71    1.17   -1.34    1.64   -1.37
2012 11 13 14 32 00     4.15   -3.73    1.25   -1.52    2.90   -2.21    3.35   -2.86    1.47   -1.56    1.88   -1.30
2012 11 13 14 34 00     3.97   -3.43    1.24   -1.54    2.73   -1.89    3.22   -3.01    1.23   -1.47    1.98   -1.54
2012 11 13 14 36 00     4.07   -3.67    1.55   -1.85    2.52   -1.82    3.35   -3.32    1.52   -1.95    1.82   -1.37
2012 11 13 14 38 00     4.52   -4.02    1.56   -1.87    2.96   -2.15    3.25   -3.30    1.43   -1.91    1.81   -1.38
2012 11 13 14 40 00     4.74   -4.33    1.61   -1.97    3.12   -2.36    3.34   -3.39    1.42   -2.04    1.93   -1.35
2012 11 13 14 42 00     4.54   -4.17    1.60   -1.95    2.93   -2.22    3.55   -3.36    1.53   -1.90    2.01   -1.47
2012 11 13 14 44 00     4.77   -4.48    1.74   -2.11    3.03   -2.37    3.54   -3.81    1.41   -2.02    2.13   -1.78
2012 11 13 14 46 00     4.99   -4.45    2.02   -2.21    2.97   -2.24    3.18   -3.28    1.27   -1.85    1.92   -1.43
2012 11 13 14 48 00     4.46   -3.95    1.68   -2.00    2.78   -1.96    3.15   -3.07    1.42   -1.69    1.73   -1.39
2012 11 13 14 50 00     4.61   -4.30    1.63   -2.06    2.98   -2.24    3.33   -3.07    1.59   -1.79    1.74   -1.27
2012 11 13 14 52 00     5.70   -5.34    1.95   -2.34    3.75   -3.00    3.36   -3.49    1.65   -2.05    1.71   -1.43
2012 11 13 14 54 00     6.09   -5.78    2.04   -2.46    4.05   -3.32    3.74   -3.89    1.72   -2.24    2.02   -1.65
2012 11 13 14 56 00     6.13   -5.95    1.98   -2.45    4.16   -3.50    3.68   -3.60    1.66   -2.14    2.02   -1.46
2012 11 13 14 58 00     6.03   -5.83    2.00   -2.39    4.03   -3.44    4.04   -4.17    1.82   -2.55    2.21   -1.62
2012 11 13 15 00 00     6.52   -6.24    2.21   -2.73    4.31   -3.52    4.33   -4.64    1.87   -2.80    2.46   -1.84
2012 11 13 15 02 00     6.43   -5.83    2.15   -2.33    4.28   -3.50    4.81   -5.14    2.21   -2.99    2.60   -2.15
2012 11 13 15 04 00     6.69   -6.36    2.24   -2.57    4.44   -3.79    5.10   -5.30    2.29   -3.08    2.81   -2.22
2012 11 13 15 06 00     6.86   -6.49    2.34   -2.62    4.53   -3.88    5.18   -5.45    2.19   -3.21    2.99   -2.24
2012 11 13 15 08 00     6.76   -6.51    2.41   -2.71    4.35   -3.80    6.40   -6.57    2.61   -3.33    3.78   -3.24
2012 11 13 15 10 00     6.84   -6.54    2.46   -2.70    4.38   -3.84    5.94   -6.06    2.30   -3.10    3.64   -2.96
2012 11 13 15 12 00     6.42   -6.13    2.29   -2.48    4.13   -3.66    6.64   -6.68    2.42   -3.36    4.22   -3.32
2012 11 13 15 14 00     6.34   -6.07    2.24   -2.46    4.10   -3.62    6.73   -6.55    2.57   -3.16    4.16   -3.39
2012 11 13 15 16 00     6.82   -6.52    2.34   -2.60    4.48   -3.92    6.48   -6.07    2.65   -3.12    3.82   -2.95
2012 11 13 15 18 00     6.40   -5.85    2.29   -2.45    4.12   -3.40    6.65   -6.48    2.88   -3.46    3.77   -3.02
2012 11 13 15 20 00     6.53   -6.08    2.51   -2.79    4.01   -3.28    5.69   -5.52    2.71   -3.30    2.99   -2.22
2012 11 13 15 22 00     6.79   -6.16    2.49   -2.65    4.30   -3.51    5.62   -5.86    2.75   -3.45    2.87   -2.41
2012 11 13 15 24 00     6.31   -5.77    2.37   -2.61    3.93   -3.16    5.47   -5.46    2.54   -3.08    2.93   -2.38
2012 11 13 15 26 00     6.67   -5.93    2.19   -2.56    4.49   -3.37    4.85   -4.92    2.11   -2.79    2.74   -2.13
2012 11 13 15 28 00     6.28   -5.71    1.98   -2.40    4.30   -3.30    5.03   -5.13    2.32   -3.16    2.71   -1.96
2012 11 13 15 30 00     6.38   -5.76    1.96   -2.43    4.42   -3.33    5.10   -5.05    2.32   -3.08    2.78   -1.97
2012 11 13 15 32 00     6.44   -5.86    2.09   -2.43    4.35   -3.43    4.70   -4.75    2.07   -2.80    2.64   -1.95
2012 11 13 15 34 00     6.41   -5.40    2.38   -2.34    4.03   -3.06    4.65   -4.87    2.14   -2.89    2.51   -1.98
2012 11 13 15 36 00     6.10   -5.29    2.11   -2.24    3.99   -3.05    4.16   -4.32    1.78   -2.56    2.38   -1.76
2012 11 13 15 38 00     5.44   -4.77    1.83   -1.86    3.61   -2.90    3.69   -3.83    1.28   -1.95    2.41   -1.88
2012 11 13 15 40 00     4.92   -4.26    1.58   -1.73    3.34   -2.54    3.62   -3.43    1.28   -1.66    2.35   -1.78
2012 11 13 15 42 00     4.56   -4.05    1.40   -1.55    3.16   -2.50    3.14   -3.21    0.98   -1.49    2.16   -1.72
2012 11 13 15 44 00     4.34   -4.05    1.37   -1.60    2.97   -2.46    2.87   -2.80    1.01   -1.42    1.85   -1.39
2012 11 13 15 46 00     4.45   -4.06    1.48   -1.67    2.97   -2.39    2.98   -3.11    1.05   -1.43    1.93   -1.68
2012 11 13 15 48 00     4.51   -4.15    1.60   -1.81    2.91   -2.34    3.05   -3.07    0.96   -1.46    2.09   -1.60
2012 11 13 15 50 00     4.27   -4.09    1.49   -1.95    2.78   -2.13    2.97   -2.81    1.15   -1.35    1.82   -1.46
2012 11 13 15 52 00     4.29   -3.84    1.46   -1.91    2.83   -1.93    2.57   -2.72    1.13   -1.48    1.44   -1.24
2012 11 13 15 54 00     4.26   -3.77    1.48   -1.86    2.78   -1.91    2.67   -2.64    1.13   -1.50    1.54   -1.14
2012 11 13 15 56 00     4.46   -4.00    1.86   -2.25    2.60   -1.75    2.70   -2.61    1.28   -1.63    1.42   -0.98
2012 11 13 15 58 00     4.19   -3.84    1.54   -2.04    2.65   -1.80    2.14   -2.17    1.10   -1.38    1.04   -0.79
2012 11 13 16 00 00     4.26   -4.05    1.61   -2.11    2.65   -1.94    1.97   -2.15    0.93   -1.25    1.05   -0.90
2012 11 13 16 02 00     4.10   -3.78    1.52   -2.05    2.58   -1.72    1.60   -1.88    0.73   -1.15    0.87   -0.74
2012 11 13 16 04 00     4.00   -3.73    1.44   -2.08    2.56   -1.65    1.76   -1.78    0.88   -0.99    0.88   -0.80
2012 11 13 16 06 00     3.59   -3.56    1.17   -1.88    2.42   -1.67    1.78   -1.92    0.94   -1.10    0.84   -0.82
2012 11 13 16 08 00     3.59   -3.39    1.27   -1.92    2.32   -1.48    1.72   -1.78    0.99   -1.16    0.73   -0.62
2012 11 13 16 10 00     3.64   -3.35    1.21   -1.85    2.43   -1.51    2.16   -2.13    1.33   -1.30    0.83   -0.82
2012 11 13 16 12 00     3.42   -3.08    1.19   -1.67    2.23   -1.41    2.15   -2.10    1.20   -1.20    0.95   -0.91
2012 11 13 16 14 00     3.29   -2.84    1.25   -1.64    2.04   -1.20    1.72   -1.82    0.96   -1.20    0.76   -0.62
2012 11 13 16 16 00     3.11   -2.71    1.02   -1.48    2.09   -1.23    1.96   -1.92    1.16   -1.33    0.80   -0.59
2012 11 13 16 18 00     3.15   -2.67    1.05   -1.45    2.10   -1.22    2.04   -2.04    1.23   -1.32    0.81   -0.71
2012 11 13 16 20 00     2.98   -2.61    0.95   -1.38    2.03   -1.23    1.94   -1.90    1.05   -0.95    0.88   -0.95
2012 11 13 16 22 00     2.84   -2.45    0.85   -1.18    2.00   -1.27    2.17   -1.97    1.12   -0.99    1.04   -0.98
2012 11 13 16 24 00     2.52   -2.32    0.60   -1.12    1.92   -1.19    2.08   -1.99    1.13   -1.07    0.95   -0.92
2012 11 13 16 26 00     2.46   -2.14    0.61   -1.04    1.85   -1.10    1.58   -1.68    0.75   -0.95    0.84   -0.73
2012 11 13 16 28 00     2.31   -1.99    0.54   -0.92    1.77   -1.06    1.76   -1.82    0.97   -1.14    0.79   -0.67
2012 11 13 16 30 00     2.12   -2.04    0.54   -1.01    1.58   -1.04    1.79   -1.83    0.93   -1.04    0.86   -0.79
2012 11 13 16 32 00     2.28   -2.05    0.57   -0.97    1.71   -1.08    1.72   -1.66    0.85   -0.98    0.87   -0.68
2012 11 13 16 34 00     2.20   -2.12    0.57   -1.00    1.63   -1.12    1.56   -1.59    0.69   -0.83    0.87   -0.76
2012 11 13 16 36 00     2.33   -2.44    0.57   -1.00    1.76   -1.44    1.47   -1.50    0.65   -0.79    0.82   -0.71
2012 11 13 16 38 00     2.27   -2.27    0.59   -1.08    1.68   -1.19    1.88   -1.86    0.69   -0.83    1.20   -1.03
2012 11 13 16 40 00     2.36   -2.59    0.65   -1.03    1.71   -1.56    2.02   -1.78    0.93   -0.94    1.08   -0.84
2012 11 13 16 42 00     2.43   -2.51    0.82   -1.05    1.61   -1.46    2.09   -2.12    1.05   -1.05    1.04   -1.07
2012 11 13 16 44 00     2.53   -2.61    0.87   -1.08    1.66   -1.53    2.08   -2.21    1.07   -1.27    1.01   -0.95
2012 11 13 16 46 00     2.63   -2.52    0.94   -1.01    1.69   -1.51    2.10   -2.39    1.14   -1.26    0.96   -1.13
2012 11 13 16 48 00     2.31   -2.34    0.75   -1.07    1.56   -1.27    2.50   -2.73    1.16   -1.34    1.34   -1.39
2012 11 13 16 50 00     2.73   -2.67    0.88   -1.29    1.85   -1.38    2.16   -2.37    0.90   -1.10    1.27   -1.27
2012 11 13 16 52 00     2.60   -2.72    0.66   -1.19    1.94   -1.53    2.38   -2.35    0.85   -1.01    1.53   -1.34
2012 11 13 16 54 00     2.63   -2.71    0.69   -1.19    1.94   -1.51    2.37   -2.48    0.89   -1.20    1.47   -1.28
2012 11 13 16 56 00     2.66   -2.69    0.71   -1.17    1.95   -1.53    2.09   -2.24    0.79   -1.00    1.30   -1.24
2012 11 13 16 58 00     2.52   -2.60    0.60   -1.06    1.92   -1.54    1.53   -1.61    0.61   -0.79    0.93   -0.82
2012 11 13 17 00 00     2.78   -2.67    0.66   -1.12    2.12   -1.55    1.87   -1.91    0.81   -0.80    1.06   -1.11
2012 11 13 17 02 00     2.73   -2.56    0.86   -1.14    1.87   -1.42    1.70   -1.84    0.73   -0.79    0.97   -1.05
2012 11 13 17 04 00     2.84   -2.57    0.96   -1.11    1.87   -1.47    1.96   -2.24    0.76   -0.89    1.20   -1.36
2012 11 13 17 06 00     3.10   -2.85    1.06   -1.15    2.04   -1.71    1.76   -2.06    0.79   -0.90    0.97   -1.16
2012 11 13 17 08 00     3.38   -3.04    1.11   -1.13    2.27   -1.92    1.67   -2.09    0.76   -0.89    0.90   -1.20
2012 11 13 17 10 00     3.62   -3.46    0.98   -1.14    2.64   -2.32    1.74   -2.01    0.73   -0.77    1.01   -1.24
2012 11 13 17 12 00     3.77   -3.36    1.00   -1.01    2.77   -2.35    2.07   -2.33    0.76   -0.98    1.31   -1.35
2012 11 13 17 14 00     3.60   -3.25    0.77   -0.93    2.82   -2.32    1.93   -2.10    0.84   -0.99    1.09   -1.11
2012 11 13 17 16 00     3.20   -2.78    0.66   -0.84    2.54   -1.94    2.01   -2.17    0.89   -0.96    1.12   -1.21
2012 11 13 17 18 00     2.74   -2.58    0.60   -0.91    2.14   -1.67    1.98   -2.15    0.84   -0.92    1.14   -1.23
2012 11 13 17 20 00     2.63   -2.59    0.69   -1.03    1.94   -1.57    1.65   -1.79    0.61   -0.78    1.04   -1.02
2012 11 13 17 22 00     2.86   -2.60    0.78   -1.03    2.08   -1.57    1.61   -1.90    0.63   -0.90    0.98   -1.00
2012 11 13 17 24 00     2.73   -2.50    0.81   -1.03    1.92   -1.47    1.58   -1.84    0.58   -0.75    1.00   -1.09
2012 11 13 17 26 00     2.52   -2.62    0.65   -0.93    1.87   -1.69    1.55   -1.91    0.62   -0.87    0.93   -1.04
2012 11 13 17 28 00     2.64   -2.67    0.83   -1.05    1.81   -1.63    1.71   -1.88    0.71   -0.78    1.00   -1.10
2012 11 13 17 30 00     2.54   -2.78    0.73   -1.02    1.81   -1.76    1.82   -1.92    0.72   -0.88    1.10   -1.03
2012 11 13 17 32 00     3.17   -3.23    1.05   -1.33    2.12   -1.90    1.62   -1.87    0.70   -0.92    0.92   -0.95
2012 11 13 17 34 00     2.99   -3.03    0.94   -1.22    2.05   -1.80    1.82   -1.81    0.65   -0.76    1.18   -1.04
2012 11 13 17 36 00     2.84   -2.80    0.85   -1.12    1.99   -1.68    1.83   -2.04    0.72   -0.95    1.11   -1.09
2012 11 13 17 38 00     2.88   -2.66    0.90   -1.08    1.97   -1.58    1.72   -1.84    0.77   -0.89    0.95   -0.95
2012 11 13 17 40 00     2.83   -2.83    0.84   -1.13    2.00   -1.70    1.68   -1.89    0.83   -1.04    0.84   -0.85
2012 11 13 17 42 00     2.82   -2.79    0.80   -1.06    2.02   -1.73    1.81   -1.93    0.98   -1.10    0.83   -0.83
2012 11 13 17 44 00     2.92   -2.81    0.79   -1.06    2.13   -1.75    1.74   -2.10    0.99   -1.24    0.76   -0.86
2012 11 13 17 46 00     3.00   -2.95    0.84   -1.12    2.16   -1.83    1.57   -1.96    0.84   -1.08    0.74   -0.88
2012 11 13 17 48 00     3.24   -3.15    0.92   -1.19    2.32   -1.96    1.50   -2.01    0.94   -1.12    0.56   -0.89
2012 11 13 17 50 00     3.40   -3.10    0.92   -1.11    2.48   -1.99    1.59   -1.90    0.83   -1.05    0.76   -0.85
2012 11 13 17 52 00     3.45   -3.44    0.94   -1.21    2.51   -2.23    1.28   -1.58    0.85   -0.98    0.43   -0.60
2012 11 13 17 54 00     3.64   -3.44    1.00   -1.32    2.63   -2.13    1.57   -1.78    0.98   -0.95    0.59   -0.83
2012 11 13 17 56 00     3.43   -3.20    0.97   -1.20    2.46   -2.00    1.62   -1.85    1.03   -1.09    0.59   -0.77
2012 11 13 17 58 00     3.60   -3.37    1.08   -1.30    2.52   -2.06    1.45   -1.50    0.99   -0.95    0.46   -0.55
2012 11 13 18 00 00     3.89   -3.69    1.32   -1.53    2.57   -2.16    1.70   -1.85    1.06   -1.04    0.65   -0.81
2012 11 13 18 02 00     4.06   -3.77    1.42   -1.62    2.63   -2.15    1.80   -1.88    1.00   -1.03    0.80   -0.85
2012 11 13 18 04 00     3.96   -3.97    1.42   -1.68    2.54   -2.29    1.92   -2.17    0.99   -1.31    0.93   -0.86
2012 11 13 18 06 00     4.08   -3.93    1.48   -1.59    2.60   -2.34    2.57   -2.60    1.37   -1.53    1.20   -1.07
2012 11 13 18 08 00     4.43   -4.08    1.52   -1.59    2.91   -2.49    2.81   -2.99    1.30   -1.56    1.51   -1.43
2012 11 13 18 10 00     4.34   -4.09    1.36   -1.41    2.98   -2.68    3.14   -3.27    1.45   -1.67    1.69   -1.60
2012 11 13 18 12 00     4.69   -4.30    1.34   -1.35    3.35   -2.95    3.44   -3.30    1.61   -1.62    1.83   -1.67
2012 11 13 18 14 00     4.64   -4.29    1.28   -1.41    3.36   -2.88    3.58   -3.52    1.73   -1.69    1.85   -1.83
2012 11 13 18 16 00     5.05   -4.75    1.30   -1.39    3.75   -3.36    3.82   -3.44    1.78   -1.63    2.04   -1.82
2012 11 13 18 18 00     5.13   -4.83    1.36   -1.52    3.76   -3.32    3.39   -3.23    1.50   -1.36    1.89   -1.88
2012 11 13 18 20 00     5.49   -5.24    1.54   -1.70    3.95   -3.54    2.95   -3.01    1.22   -1.27    1.72   -1.74
2012 11 13 18 22 00     5.12   -4.96    1.48   -1.63    3.65   -3.33    3.45   -3.41    1.55   -1.56    1.90   -1.85
2012 11 13 18 24 00     5.73   -5.23    1.30   -1.44    4.42   -3.79    3.62   -3.54    1.70   -1.60    1.92   -1.94
2012 11 13 18 26 00     5.37   -5.03    1.39   -1.60    3.98   -3.43    3.55   -3.87    1.63   -1.78    1.91   -2.09
2012 11 13 18 28 00     5.53   -5.28    1.41   -1.50    4.12   -3.78    3.88   -3.91    1.91   -2.03    1.97   -1.88
2012 11 13 18 30 00     5.91   -5.70    1.41   -1.63    4.50   -4.07    3.97   -4.42    2.11   -2.46    1.86   -1.96
2012 11 13 18 32 00     6.24   -6.20    1.66   -1.89    4.58   -4.31    4.44   -4.65    2.49   -2.84    1.94   -1.81
2012 11 13 18 34 00     6.49   -6.35    1.76   -1.82    4.73   -4.53    4.84   -4.94    2.73   -2.92    2.10   -2.02
2012 11 13 18 36 00     6.29   -6.14    1.75   -1.83    4.54   -4.30    4.28   -4.60    2.37   -2.65    1.91   -1.95
2012 11 13 18 38 00     6.13   -5.88    1.79   -1.88    4.34   -4.00    4.58   -4.66    2.60   -2.69    1.98   -1.97
2012 11 13 18 40 00     6.45   -6.18    2.19   -2.16    4.25   -4.02    4.40   -4.60    2.41   -2.52    1.99   -2.08
2012 11 13 18 42 00     5.74   -5.40    1.88   -1.89    3.86   -3.51    4.76   -4.81    2.33   -2.27    2.44   -2.54
2012 11 13 18 44 00     5.58   -5.27    1.92   -1.90    3.66   -3.37    5.09   -5.25    2.44   -2.36    2.65   -2.89
2012 11 13 18 46 00     5.76   -5.33    1.98   -1.89    3.78   -3.44    5.44   -5.55    2.70   -2.64    2.74   -2.91
2012 11 13 18 48 00     5.70   -5.38    1.90   -1.97    3.80   -3.41    5.74   -5.83    3.03   -2.91    2.71   -2.92
2012 11 13 18 50 00     6.34   -6.10    1.95   -2.15    4.39   -3.95    5.55   -5.61    2.91   -2.82    2.64   -2.79
2012 11 13 18 52 00     6.93   -6.59    2.15   -2.40    4.78   -4.18    5.37   -5.28    3.00   -2.84    2.37   -2.44
2012 11 13 18 54 00     6.99   -6.63    2.23   -2.36    4.76   -4.27    5.54   -5.59    3.08   -3.11    2.46   -2.48
2012 11 13 18 56 00     6.91   -6.47    2.28   -2.36    4.63   -4.11    5.84   -6.06    3.21   -3.39    2.64   -2.67
2012 11 13 18 58 00     6.13   -5.48    2.33   -2.22    3.80   -3.26    5.63   -5.70    2.94   -3.00    2.69   -2.70
2012 11 13 19 00 00     5.67   -5.02    2.20   -2.13    3.47   -2.89    5.50   -5.59    2.88   -3.06    2.61   -2.52
2012 11 13 19 02 00     5.64   -5.06    2.09   -2.07    3.55   -2.99    5.62   -5.70    2.80   -2.99    2.82   -2.71
2012 11 13 19 04 00     5.50   -4.90    2.08   -2.02    3.42   -2.88    5.35   -5.34    2.61   -2.68    2.75   -2.66
2012 11 13 19 06 00     5.37   -4.93    2.05   -1.92    3.32   -3.01    5.23   -5.42    2.86   -2.98    2.37   -2.44
2012 11 13 19 08 00     5.29   -5.13    2.05   -1.97    3.24   -3.16    5.66   -5.72    3.16   -3.28    2.50   -2.44
2012 11 13 19 10 00     5.05   -4.89    1.98   -2.02    3.07   -2.87    5.30   -5.26    3.07   -3.20    2.24   -2.06
2012 11 13 19 12 00     5.12   -4.71    1.87   -1.77    3.25   -2.94    5.35   -5.29    3.19   -3.27    2.16   -2.02
2012 11 13 19 14 00     5.31   -4.78    1.99   -1.81    3.32   -2.97    5.32   -5.33    3.25   -3.54    2.06   -1.80
2012 11 13 19 16 00     5.39   -4.73    1.90   -1.59    3.50   -3.14    5.34   -5.18    3.26   -3.47    2.08   -1.71
2012 11 13 19 18 00     5.39   -4.82    1.91   -1.61    3.48   -3.21    5.18   -5.10    3.19   -3.32    1.99   -1.78
2012 11 13 19 20 00     5.30   -5.12    1.88   -1.76    3.43   -3.36    5.40   -5.30    3.25   -3.33    2.15   -1.97
2012 11 13 19 22 00     5.65   -5.25    1.90   -1.82    3.74   -3.42    6.02   -5.89    3.78   -3.79    2.24   -2.10
2012 11 13 19 24 00     5.70   -5.28    1.78   -1.85    3.92   -3.43    6.07   -6.33    3.92   -4.01    2.15   -2.32
2012 11 13 19 26 00     6.08   -5.61    1.84   -1.89    4.24   -3.72    5.99   -5.94    3.77   -3.69    2.22   -2.25
2012 11 13 19 28 00     5.68   -5.09    1.79   -1.80    3.89   -3.29    5.97   -5.92    3.71   -3.64    2.27   -2.28
2012 11 13 19 30 00     5.66   -5.27    1.80   -1.99    3.86   -3.28    6.41   -6.21    3.73   -3.67    2.68   -2.54
2012 11 13 19 32 00     5.55   -5.06    1.83   -1.92    3.72   -3.14    5.92   -5.79    3.51   -3.61    2.41   -2.18
2012 11 13 19 34 00     5.51   -5.01    1.75   -1.84    3.77   -3.16    5.82   -5.53    3.48   -3.51    2.34   -2.02
2012 11 13 19 36 00     5.73   -5.49    1.79   -2.16    3.93   -3.33    5.57   -5.62    3.39   -3.53    2.18   -2.09
2012 11 13 19 38 00     5.70   -5.48    1.91   -2.11    3.79   -3.37    6.54   -6.11    3.64   -3.42    2.90   -2.69
2012 11 13 19 40 00     6.02   -5.61    2.01   -2.13    4.00   -3.48    6.65   -6.40    3.71   -3.63    2.94   -2.77
2012 11 13 19 42 00     6.13   -5.75    2.02   -2.11    4.11   -3.65    6.66   -6.83    3.71   -3.94    2.94   -2.89
2012 11 13 19 44 00     7.29   -6.68    2.22   -2.30    5.07   -4.39    7.07   -7.31    3.69   -4.27    3.38   -3.05
2012 11 13 19 46 00     7.17   -6.53    2.06   -2.12    5.11   -4.41    7.64   -7.54    3.79   -4.23    3.85   -3.31
2012 11 13 19 48 00     7.43   -6.94    2.14   -2.29    5.29   -4.65    7.33   -7.36    3.57   -4.22    3.76   -3.14
2012 11 13 19 50 00     7.43   -7.19    2.22   -2.51    5.21   -4.68    7.47   -7.50    3.63   -4.28    3.84   -3.21
2012 11 13 19 52 00     7.29   -6.90    1.98   -2.21    5.31   -4.69    7.33   -7.18    3.77   -4.01    3.55   -3.17
2012 11 13 19 54 00     6.32   -5.92    2.06   -2.18    4.26   -3.75    7.00   -6.85    3.62   -3.91    3.39   -2.94
2012 11 13 19 56 00     6.54   -6.12    2.12   -2.22    4.41   -3.90    6.11   -6.11    3.38   -3.64    2.73   -2.47
2012 11 13 19 58 00     7.25   -6.90    2.33   -2.44    4.92   -4.45    6.37   -6.41    3.57   -3.90    2.80   -2.51
2012 11 13 20 00 00     6.87   -6.63    2.07   -2.19    4.80   -4.44    6.12   -6.35    3.60   -4.07    2.52   -2.28
2012 11 13 20 02 00     7.17   -6.78    2.17   -2.25    5.00   -4.53    6.33   -6.52    3.57   -4.21    2.76   -2.31
2012 11 13 20 04 00     7.33   -7.07    2.32   -2.45    5.01   -4.63    6.32   -6.61    3.51   -4.27    2.82   -2.33
2012 11 13 20 06 00     6.96   -6.67    2.28   -2.39    4.68   -4.28    6.72   -6.99    3.86   -4.56    2.86   -2.43
2012 11 13 20 08 00     7.60   -7.06    2.66   -2.75    4.94   -4.31    6.91   -6.83    4.07   -4.51    2.83   -2.32
2012 11 13 20 10 00     7.07   -6.51    2.49   -2.45    4.59   -4.06    7.09   -7.03    3.95   -4.35    3.14   -2.68
2012 11 13 20 12 00     6.78   -6.14    2.81   -2.74    3.97   -3.41    6.74   -6.85    3.89   -4.39    2.85   -2.46
2012 11 13 20 14 00     7.00   -6.63    2.92   -2.97    4.08   -3.66    6.91   -6.78    4.00   -4.33    2.91   -2.45
2012 11 13 20 16 00     6.66   -6.46    2.58   -2.86    4.09   -3.60    6.09   -6.13    3.54   -3.94    2.56   -2.19
2012 11 13 20 18 00     6.27   -6.21    2.37   -2.85    3.90   -3.36    6.22   -6.13    3.99   -4.45    2.23   -1.68
2012 11 13 20 20 00     6.70   -6.37    2.96   -3.22    3.74   -3.14    5.47   -5.64    3.43   -4.18    2.03   -1.46
2012 11 13 20 22 00     6.41   -6.16    2.89   -3.17    3.52   -2.99    5.15   -5.20    3.30   -3.89    1.85   -1.31
2012 11 13 20 24 00     6.85   -6.34    3.25   -3.20    3.60   -3.15    5.48   -5.55    3.60   -4.15    1.88   -1.41
2012 11 13 20 26 00     6.71   -6.08    3.13   -3.05    3.58   -3.02    5.37   -5.43    3.37   -3.86    1.99   -1.56
2012 11 13 20 28 00     6.87   -6.45    3.15   -3.24    3.72   -3.21    5.64   -5.57    3.55   -3.86    2.09   -1.71
2012 11 13 20 30 00     6.66   -6.24    2.75   -2.82    3.91   -3.42    5.84   -5.83    3.45   -3.75    2.39   -2.08
2012 11 13 20 32 00     6.61   -5.99    2.89   -2.99    3.72   -3.00    5.94   -6.12    3.42   -3.86    2.52   -2.26
2012 11 13 20 34 00     6.68   -6.17    2.71   -2.75    3.97   -3.41    6.80   -6.95    4.02   -4.53    2.79   -2.42
2012 11 13 20 36 00     6.78   -6.10    2.65   -2.74    4.13   -3.36    6.17   -6.12    3.63   -3.95    2.54   -2.17
2012 11 13 20 38 00     6.91   -6.31    2.76   -2.84    4.15   -3.47    5.76   -5.77    3.59   -4.04    2.18   -1.73
2012 11 13 20 40 00     6.40   -5.89    2.46   -2.63    3.94   -3.25    6.04   -5.90    3.80   -4.08    2.24   -1.82
2012 11 13 20 42 00     6.10   -5.74    2.33   -2.62    3.77   -3.11    5.89   -5.83    3.73   -3.98    2.16   -1.85
2012 11 13 20 44 00     5.86   -5.71    2.28   -2.53    3.58   -3.18    5.66   -5.80    3.34   -3.90    2.31   -1.90
2012 11 13 20 46 00     5.89   -5.55    2.34   -2.50    3.55   -3.05    5.78   -5.82    3.41   -3.88    2.37   -1.94
2012 11 13 20 48 00     5.68   -5.28    1.84   -2.01    3.84   -3.27    5.68   -5.68    3.32   -3.65    2.36   -2.03
2012 11 13 20 50 00     5.50   -5.15    1.84   -1.95    3.66   -3.21    5.70   -5.67    3.46   -3.75    2.23   -1.93
2012 11 13 20 52 00     5.73   -5.12    1.91   -1.91    3.82   -3.21    5.73   -5.59    3.72   -3.86    2.01   -1.73
2012 11 13 20 54 00     5.82   -5.17    1.76   -1.78    4.06   -3.39    5.12   -5.26    3.26   -3.64    1.86   -1.62
2012 11 13 20 56 00     5.94   -5.33    1.90   -2.00    4.04   -3.33    5.34   -5.27    3.39   -3.69    1.95   -1.58
2012 11 13 20 58 00     5.89   -5.28    1.88   -2.06    4.01   -3.22    5.65   -5.73    3.66   -4.09    1.98   -1.64
2012 11 13 21 00 00     5.81   -5.27    1.93   -2.18    3.88   -3.09    5.78   -5.79    3.71   -4.05    2.08   -1.74
2012 11 13 21 02 00     5.75   -5.15    1.92   -2.12    3.84   -3.03    6.45   -6.35    4.27   -4.56    2.18   -1.79
2012 11 13 21 04 00     5.65   -5.24    2.03   -2.20    3.62   -3.04    6.45   -6.46    4.22   -4.57    2.23   -1.89
2012 11 13 21 06 00     5.44   -4.98    1.94   -2.09    3.50   -2.89    6.78   -6.79    4.44   -4.75    2.34   -2.05
2012 11 13 21 08 00     6.13   -5.67    2.18   -2.33    3.95   -3.34    6.06   -6.17    3.80   -4.18    2.26   -1.99
2012 11 13 21 10 00     5.92   -5.45    2.17   -2.23    3.75   -3.22    5.79   -6.09    3.42   -3.92    2.37   -2.17
2012 11 13 21 12 00     5.67   -5.27    2.07   -2.18    3.61   -3.09    5.67   -5.72    3.37   -3.74    2.30   -1.97
2012 11 13 21 14 00     5.66   -5.27    2.01   -2.06    3.65   -3.21    5.49   -5.36    3.22   -3.48    2.27   -1.88
2012 11 13 21 16 00     5.59   -5.22    1.91   -2.02    3.68   -3.19    5.68   -5.63    3.30   -3.49    2.38   -2.13
2012 11 13 21 18 00     5.12   -4.78    1.70   -1.71    3.42   -3.08    5.65   -5.54    3.42   -3.55    2.23   -2.00
2012 11 13 21 20 00     5.25   -5.06    1.68   -1.78    3.58   -3.28    5.93   -5.78    3.73   -3.86    2.20   -1.92
2012 11 13 21 22 00     5.06   -5.05    1.65   -1.87    3.41   -3.18    5.85   -6.11    3.64   -3.99    2.20   -2.12
2012 11 13 21 24 00     4.84   -4.75    1.73   -1.91    3.12   -2.84    6.05   -6.13    3.61   -3.92    2.44   -2.21
2012 11 13 21 26 00     5.28   -4.98    1.75   -1.85    3.54   -3.13    5.76   -5.79    3.56   -3.79    2.20   -2.00
2012 11 13 21 28 00     5.50   -4.93    1.79   -1.68    3.71   -3.24    6.31   -6.39    4.03   -4.24    2.28   -2.15
2012 11 13 21 30 00     5.53   -5.11    1.62   -1.79    3.91   -3.32    6.31   -6.23    4.02   -4.13    2.29   -2.09
2012 11 13 21 32 00     5.59   -5.05    1.62   -1.63    3.97   -3.42    5.80   -5.87    3.75   -3.96    2.05   -1.91
2012 11 13 21 34 00     6.79   -6.30    1.75   -2.06    5.04   -4.25    6.04   -6.25    3.91   -4.02    2.13   -2.23
2012 11 13 21 36 00     7.08   -6.45    1.97   -2.25    5.10   -4.20    5.95   -5.95    3.79   -3.91    2.16   -2.04
2012 11 13 21 38 00     6.82   -6.07    1.89   -1.88    4.93   -4.20    5.63   -5.76    3.57   -3.63    2.05   -2.13
2012 11 13 21 40 00     6.43   -5.71    1.69   -1.74    4.74   -3.96    5.71   -5.73    3.51   -3.61    2.19   -2.12
2012 11 13 21 42 00     6.52   -5.83    1.58   -1.63    4.94   -4.20    5.90   -5.97    3.75   -3.90    2.15   -2.07
2012 11 13 21 44 00     5.97   -5.21    1.54   -1.64    4.42   -3.57    6.30   -6.44    3.98   -4.28    2.32   -2.16
2012 11 13 21 46 00     5.87   -5.26    1.62   -1.64    4.25   -3.62    6.04   -6.27    3.77   -4.12    2.27   -2.15
2012 11 13 21 48 00     5.81   -5.31    1.72   -1.66    4.10   -3.65    5.75   -6.09    3.27   -3.80    2.48   -2.30
2012 11 13 21 50 00     5.84   -5.50    1.67   -1.72    4.17   -3.78    5.52   -5.76    3.04   -3.60    2.48   -2.16
2012 11 13 21 52 00     5.54   -5.22    1.47   -1.50    4.06   -3.72    5.35   -5.55    2.92   -3.37    2.43   -2.18
2012 11 13 21 54 00     5.90   -5.31    1.49   -1.38    4.41   -3.93    5.68   -5.82    3.28   -3.64    2.40   -2.18
2012 11 13 21 56 00     6.25   -6.01    1.70   -1.66    4.55   -4.35    6.14   -6.16    3.72   -3.91    2.42   -2.25
2012 11 13 21 58 00     6.23   -6.02    1.69   -1.70    4.54   -4.32    6.32   -6.26    3.88   -4.04    2.44   -2.22
2012 11 13 22 00 00     6.16   -6.13    1.70   -1.95    4.46   -4.17    6.25   -6.26    3.78   -4.01    2.47   -2.25
2012 11 13 22 02 00     5.88   -5.65    1.71   -1.77    4.17   -3.88    6.24   -6.13    3.70   -4.02    2.54   -2.11
2012 11 13 22 04 00     6.09   -5.79    1.68   -1.80    4.41   -3.99    5.90   -5.88    3.40   -3.68    2.50   -2.19
2012 11 13 22 06 00     6.11   -5.77    1.75   -1.94    4.35   -3.83    5.46   -5.43    3.01   -3.28    2.45   -2.15
2012 11 13 22 08 00     5.98   -5.49    1.76   -1.80    4.22   -3.69    5.54   -5.45    3.06   -3.21    2.48   -2.24
2012 11 13 22 10 00     6.20   -5.73    2.03   -2.19    4.17   -3.54    5.38   -5.08    2.90   -2.95    2.48   -2.13
2012 11 13 22 12 00     6.41   -5.90    2.15   -2.27    4.27   -3.62    5.22   -5.18    2.74   -2.98    2.48   -2.20
2012 11 13 22 14 00     6.43   -5.69    2.20   -2.20    4.22   -3.49    5.31   -5.38    2.79   -3.09    2.52   -2.29
2012 11 13 22 16 00     6.66   -5.96    2.35   -2.36    4.31   -3.60    5.25   -5.41    2.84   -3.16    2.41   -2.25
2012 11 13 22 18 00     6.20   -5.68    2.12   -2.02    4.08   -3.66    5.28   -5.27    2.91   -3.04    2.38   -2.22
2012 11 13 22 20 00     6.24   -5.85    2.14   -2.22    4.09   -3.63    5.55   -5.61    3.22   -3.35    2.34   -2.27
2012 11 13 22 22 00     5.71   -5.37    1.79   -1.87    3.92   -3.51    5.39   -5.33    3.10   -3.19    2.29   -2.14
2012 11 13 22 24 00     5.98   -5.42    1.90   -1.86    4.08   -3.56    6.05   -5.99    3.78   -3.87    2.27   -2.12
2012 11 13 22 26 00     5.95   -5.42    1.85   -1.78    4.10   -3.64    6.31   -6.26    3.86   -3.94    2.44   -2.32
2012 11 13 22 28 00     5.54   -4.87    1.58   -1.56    3.96   -3.31    6.26   -6.26    3.68   -3.80    2.57   -2.46
2012 11 13 22 30 00     5.75   -5.04    1.81   -1.66    3.94   -3.38    6.22   -6.50    3.47   -3.82    2.75   -2.69
2012 11 13 22 32 00     5.56   -5.08    1.77   -1.70    3.79   -3.38    6.70   -6.56    3.95   -4.05    2.75   -2.51
2012 11 13 22 34 00     5.44   -4.88    1.61   -1.53    3.83   -3.35    6.56   -6.42    3.71   -3.87    2.86   -2.54
2012 11 13 22 36 00     4.99   -4.41    1.73   -1.60    3.26   -2.81    7.03   -6.56    3.94   -3.85    3.09   -2.70
2012 11 13 22 38 00     4.80   -4.21    1.65   -1.61    3.15   -2.61    7.13   -6.80    4.17   -4.03    2.96   -2.77
2012 11 13 22 40 00     5.12   -4.34    2.09   -1.75    3.03   -2.59    7.36   -7.29    4.22   -4.45    3.14   -2.83
2012 11 13 22 42 00     4.96   -4.55    1.83   -1.71    3.14   -2.85    7.54   -7.25    4.35   -4.49    3.19   -2.76
2012 11 13 22 44 00     5.16   -4.82    1.98   -1.92    3.18   -2.90    7.29   -7.21    4.05   -4.14    3.24   -3.07
2012 11 13 22 46 00     5.59   -5.20    2.23   -2.17    3.36   -3.03    6.83   -6.46    3.83   -3.77    3.00   -2.69
2012 11 13 22 48 00     5.38   -4.98    2.19   -2.16    3.19   -2.82    6.63   -6.47    3.56   -3.62    3.07   -2.85
2012 11 13 22 50 00     5.11   -4.61    1.91   -1.95    3.20   -2.66    6.52   -6.35    3.53   -3.64    2.99   -2.71
2012 11 13 22 52 00     5.12   -4.65    1.99   -1.98    3.13   -2.67    6.30   -6.10    3.33   -3.60    2.96   -2.50
2012 11 13 22 54 00     4.80   -4.28    1.73   -1.71    3.07   -2.56    6.37   -6.29    3.50   -3.63    2.87   -2.65
2012 11 13 22 56 00     5.06   -4.61    1.76   -1.83    3.30   -2.78    6.46   -6.38    3.63   -3.69    2.83   -2.69
2012 11 13 22 58 00     5.23   -4.76    1.94   -1.98    3.29   -2.78    6.64   -6.54    3.74   -3.71    2.90   -2.83
2012 11 13 23 00 00     5.45   -4.81    2.19   -2.06    3.26   -2.76    6.44   -6.27    3.66   -3.56    2.78   -2.71
2012 11 13 23 02 00     5.43   -4.97    2.08   -2.00    3.36   -2.97    6.27   -6.35    3.43   -3.46    2.84   -2.89
2012 11 13 23 04 00     5.27   -5.00    1.94   -1.99    3.33   -3.01    6.25   -6.27    3.65   -3.56    2.60   -2.71
2012 11 13 23 06 00     5.39   -5.11    2.04   -2.13    3.35   -2.98    6.35   -6.39    3.78   -3.74    2.57   -2.66
2012 11 13 23 08 00     5.30   -4.98    1.98   -1.91    3.32   -3.07    7.71   -7.57    4.73   -4.52    2.99   -3.05
2012 11 13 23 10 00     5.74   -5.43    1.86   -2.00    3.87   -3.43    7.48   -7.34    4.47   -4.36    3.01   -2.98
2012 11 13 23 12 00     5.54   -5.24    2.01   -2.03    3.53   -3.21    7.71   -7.44    4.78   -4.46    2.94   -2.98
2012 11 13 23 14 00     6.12   -5.91    2.04   -2.17    4.08   -3.74    7.31   -7.13    4.56   -4.32    2.75   -2.80
2012 11 13 23 16 00     5.73   -5.44    1.97   -2.02    3.77   -3.42    7.57   -7.35    4.73   -4.58    2.84   -2.77
2012 11 13 23 18 00     5.92   -5.91    2.13   -2.24    3.80   -3.67    7.25   -7.08    4.50   -4.34    2.74   -2.74
2012 11 13 23 20 00     5.97   -5.71    2.09   -2.27    3.88   -3.44    7.47   -7.18    4.54   -4.30    2.94   -2.88
2012 11 13 23 22 00     6.31   -5.99    2.42   -2.49    3.89   -3.49    7.16   -6.98    4.16   -4.08    3.00   -2.91
2012 11 13 23 24 00     5.95   -5.60    2.42   -2.43    3.53   -3.18    7.42   -7.22    4.61   -4.48    2.81   -2.74
2012 11 13 23 26 00     5.82   -5.26    2.39   -2.24    3.42   -3.03    7.27   -7.20    4.44   -4.32    2.83   -2.88
2012 11 13 23 28 00     5.77   -5.18    2.10   -1.89    3.67   -3.29    6.94   -6.70    3.99   -3.87    2.95   -2.83
2012 11 13 23 30 00     5.74   -5.23    1.96   -1.92    3.78   -3.31    7.26   -7.01    4.09   -3.94    3.17   -3.07
2012 11 13 23 32 00     5.73   -5.14    1.81   -1.79    3.92   -3.35    6.89   -6.60    3.98   -3.89    2.91   -2.71
2012 11 13 23 34 00     5.81   -5.23    1.71   -1.74    4.10   -3.49    7.06   -6.82    3.98   -3.89    3.09   -2.93
2012 11 13 23 36 00     5.84   -4.99    1.65   -1.61    4.19   -3.38    7.41   -7.06    4.14   -3.95    3.27   -3.11
2012 11 13 23 38 00     5.96   -5.29    1.72   -1.63    4.24   -3.66    7.89   -7.63    4.56   -4.54    3.33   -3.08
2012 11 13 23 40 00     5.65   -5.23    1.74   -1.81    3.90   -3.42    7.89   -7.42    4.52   -4.40    3.37   -3.02
2012 11 13 23 42 00     6.53   -5.75    1.88   -1.91    4.66   -3.84    7.42   -7.07    4.29   -4.22    3.13   -2.85
2012 11 13 23 44 00     6.47   -5.63    1.99   -1.92    4.48   -3.71    7.87   -7.65    4.62   -4.53    3.25   -3.12
2012 11 13 23 46 00     6.45   -5.50    2.05   -1.80    4.41   -3.70    7.20   -7.14    3.73   -3.89    3.47   -3.25
2012 11 13 23 48 00     6.43   -5.52    2.24   -1.99    4.19   -3.53    7.09   -7.14    3.61   -3.89    3.48   -3.25
2012 11 13 23 50 00     6.60   -5.63    2.19   -1.99    4.41   -3.64    7.15   -7.12    3.79   -4.05    3.36   -3.07
2012 11 13 23 52 00     6.82   -5.88    2.40   -2.23    4.42   -3.65    7.18   -7.10    3.69   -3.79    3.49   -3.30
2012 11 13 23 54 00     7.08   -6.14    2.50   -2.33    4.58   -3.80    7.49   -7.34    3.95   -3.95    3.54   -3.39
2012 11 13 23 56 00     6.97   -6.23    2.05   -2.01    4.92   -4.22    7.70   -7.46    4.25   -4.26    3.46   -3.20
2012 11 13 23 58 00     7.39   -6.45    2.32   -2.12    5.07   -4.33    7.38   -6.92    4.02   -3.90    3.36   -3.02
2012 11 14 00 00 00     7.65   -6.52    2.43   -2.06    5.22   -4.45    7.52   -7.25    3.94   -3.98    3.58   -3.27
2012 11 14 00 02 00     7.70   -6.77    2.25   -2.19    5.45   -4.57    8.47   -8.07    4.56   -4.35    3.91   -3.72
2012 11 14 00 04 00     7.66   -6.93    2.29   -2.26    5.37   -4.67    8.44   -8.12    4.65   -4.49    3.79   -3.64
2012 11 14 00 06 00     6.54   -5.73    2.01   -1.95    4.52   -3.78    8.73   -8.51    4.82   -4.64    3.91   -3.86
2012 11 14 00 08 00     6.69   -5.88    2.31   -2.24    4.38   -3.64    7.95   -7.59    4.59   -4.33    3.36   -3.26
2012 11 14 00 10 00     6.96   -6.32    2.27   -2.26    4.69   -4.06    8.26   -7.61    4.76   -4.42    3.50   -3.19
2012 11 14 00 12 00     6.91   -6.32    2.05   -2.10    4.86   -4.21    8.79   -8.29    5.11   -4.79    3.68   -3.49
2012 11 14 00 14 00     6.84   -6.43    2.16   -2.31    4.69   -4.12    9.45   -8.80    5.32   -4.94    4.13   -3.86
2012 11 14 00 16 00     7.20   -6.63    2.44   -2.50    4.75   -4.12    9.18   -8.73    5.23   -4.91    3.95   -3.82
2012 11 14 00 18 00     7.38   -6.47    2.49   -2.38    4.90   -4.09    9.35   -9.01    5.48   -5.23    3.88   -3.79
2012 11 14 00 20 00     7.66   -6.42    2.53   -2.27    5.13   -4.16    9.07   -8.41    5.22   -4.58    3.85   -3.83
2012 11 14 00 22 00     7.53   -6.34    2.62   -2.24    4.91   -4.11    8.35   -8.55    4.54   -4.52    3.81   -4.02
2012 11 14 00 24 00     8.46   -7.09    2.76   -2.39    5.70   -4.70    8.36   -8.62    4.48   -4.65    3.87   -3.98
2012 11 14 00 26 00     7.68   -6.23    2.34   -1.94    5.34   -4.29    7.87   -7.72    4.35   -4.26    3.52   -3.46
2012 11 14 00 28 00     7.91   -6.59    2.27   -1.92    5.64   -4.67    8.07   -7.54    4.79   -4.48    3.28   -3.05
2012 11 14 00 30 00     8.62   -7.63    2.70   -2.64    5.93   -4.99    7.92   -7.34    4.73   -4.55    3.19   -2.79
2012 11 14 00 32 00     8.52   -7.18    3.05   -2.83    5.47   -4.34    8.44   -7.96    4.91   -4.83    3.53   -3.13
2012 11 14 00 34 00     8.12   -7.01    2.95   -2.92    5.17   -4.09    8.72   -8.23    5.01   -4.78    3.71   -3.45
2012 11 14 00 36 00     8.15   -7.05    3.01   -2.99    5.15   -4.07    8.88   -8.48    5.06   -4.81    3.82   -3.67
2012 11 14 00 38 00     9.28   -8.33    3.09   -3.15    6.19   -5.18    9.28   -8.66    5.16   -4.74    4.11   -3.92
2012 11 14 00 40 00     9.39   -8.47    3.44   -3.47    5.95   -5.00    9.42   -8.68    5.22   -4.87    4.20   -3.82
2012 11 14 00 42 00     9.26   -8.27    3.19   -3.36    6.07   -4.91    9.04   -8.77    5.13   -5.20    3.91   -3.57
2012 11 14 00 44 00    10.13   -9.10    3.61   -3.67    6.53   -5.42    8.86   -8.43    4.97   -4.96    3.89   -3.47
2012 11 14 00 46 00     9.62   -8.83    3.38   -3.47    6.24   -5.35    8.90   -8.60    4.99   -5.08    3.91   -3.52
2012 11 14 00 48 00     9.37   -8.75    3.53   -3.69    5.84   -5.06    9.37   -8.89    4.95   -4.74    4.42   -4.14
2012 11 14 00 50 00    10.01   -9.61    3.99   -4.12    6.02   -5.49    9.05   -8.60    4.62   -4.74    4.44   -3.87
2012 11 14 00 52 00     9.53   -9.24    3.53   -3.82    5.99   -5.42    8.84   -8.58    4.52   -4.82    4.31   -3.76
2012 11 14 00 54 00     9.09   -8.70    3.31   -3.62    5.78   -5.08    9.11   -8.65    4.59   -4.66    4.52   -3.99
2012 11 14 00 56 00     9.09   -8.60    3.13   -3.30    5.97   -5.30    9.28   -8.83    4.86   -4.91    4.42   -3.92
2012 11 14 00 58 00     9.25   -8.47    3.17   -3.29    6.08   -5.18    9.52   -9.39    5.18   -5.49    4.34   -3.90
2012 11 14 01 00 00     9.25   -8.32    3.09   -3.18    6.16   -5.15    9.70   -9.45    5.28   -5.41    4.42   -4.04
2012 11 14 01 02 00     9.16   -8.09    3.12   -3.12    6.03   -4.97    9.57   -9.18    5.24   -5.33    4.33   -3.84
2012 11 14 01 04 00     9.19   -8.30    3.26   -3.18    5.93   -5.13   10.02   -9.43    5.33   -5.31    4.69   -4.13
2012 11 14 01 06 00     9.64   -8.73    3.11   -3.38    6.54   -5.34    9.65   -9.28    5.02   -5.06    4.63   -4.23
2012 11 14 01 08 00     9.05   -8.17    3.01   -3.22    6.05   -4.95    9.71   -9.50    5.29   -5.33    4.42   -4.17
2012 11 14 01 10 00     8.88   -7.96    2.90   -3.25    5.98   -4.72   10.47  -10.34    5.59   -5.72    4.88   -4.62
2012 11 14 01 12 00     9.05   -8.35    2.84   -3.36    6.21   -4.99   10.83  -10.49    5.72   -5.62    5.12   -4.87
2012 11 14 01 14 00     8.70   -8.50    2.99   -3.45    5.70   -5.05   11.37  -10.99    5.85   -5.97    5.52   -5.02
2012 11 14 01 16 00     9.13   -8.71    2.95   -3.33    6.18   -5.38   11.29  -11.06    5.62   -5.86    5.67   -5.20
2012 11 14 01 18 00     9.38   -8.84    3.15   -3.10    6.23   -5.74   11.76  -11.44    5.92   -6.17    5.84   -5.27
2012 11 14 01 20 00     8.91   -8.47    3.02   -2.88    5.88   -5.59   11.55  -11.57    5.95   -6.30    5.60   -5.26
2012 11 14 01 22 00     8.92   -8.51    2.87   -2.88    6.05   -5.63   11.32  -11.00    5.92   -6.00    5.40   -4.99
2012 11 14 01 24 00     9.38   -8.73    3.10   -3.04    6.28   -5.69   11.17  -10.69    5.91   -5.71    5.27   -4.97
2012 11 14 01 26 00     9.38   -8.61    3.20   -3.09    6.18   -5.52   11.43  -11.43    5.78   -6.18    5.65   -5.25
2012 11 14 01 28 00    10.21   -9.36    3.10   -3.16    7.12   -6.20   11.48  -11.42    5.63   -5.78    5.85   -5.65
2012 11 14 01 30 00    10.62   -9.87    3.33   -3.47    7.29   -6.40   12.07  -12.00    5.89   -6.14    6.19   -5.86
2012 11 14 01 32 00    11.29  -10.44    3.78   -3.89    7.51   -6.55   10.85  -10.55    5.47   -5.54    5.39   -5.01
2012 11 14 01 34 00    11.54  -10.71    3.66   -3.76    7.88   -6.95   10.08   -9.99    5.09   -5.46    4.99   -4.53
2012 11 14 01 36 00    11.40   -9.94    3.93   -3.58    7.46   -6.36   10.25   -9.98    5.23   -5.42    5.02   -4.56
2012 11 14 01 38 00    10.91   -9.97    3.87   -3.54    7.04   -6.43   10.20  -10.11    5.45   -5.73    4.75   -4.37
2012 11 14 01 40 00    10.75   -9.84    3.81   -3.47    6.94   -6.38   10.31  -10.05    5.51   -5.57    4.80   -4.47
2012 11 14 01 42 00    10.33   -9.50    3.63   -3.30    6.70   -6.21   10.48  -10.38    5.64   -5.81    4.84   -4.57
2012 11 14 01 44 00    10.28   -9.57    3.46   -3.26    6.82   -6.31    9.59   -9.64    4.80   -5.15    4.79   -4.48
2012 11 14 01 46 00    10.43   -9.71    3.75   -3.63    6.68   -6.08   10.13   -9.90    4.93   -5.12    5.20   -4.79
2012 11 14 01 48 00    10.28   -9.36    3.57   -3.58    6.71   -5.79    9.79   -9.69    4.82   -5.01    4.97   -4.68
2012 11 14 01 50 00     9.27   -8.42    3.39   -3.54    5.88   -4.88   10.21  -10.17    4.85   -5.07    5.35   -5.09
2012 11 14 01 52 00    10.13   -9.27    3.35   -3.41    6.78   -5.86   10.36  -10.44    4.84   -5.04    5.52   -5.40
2012 11 14 01 54 00     9.83   -9.04    3.10   -3.14    6.73   -5.90   10.37  -10.52    5.08   -5.44    5.29   -5.08
2012 11 14 01 56 00     9.62   -8.98    2.91   -3.02    6.71   -5.95   10.52  -10.47    5.28   -5.57    5.24   -4.90
2012 11 14 01 58 00     9.78   -9.05    2.89   -3.00    6.88   -6.05   10.88  -10.63    5.51   -5.56    5.37   -5.07
2012 11 14 02 00 00     9.48   -8.76    3.20   -3.37    6.28   -5.39   10.81  -10.20    5.54   -5.37    5.27   -4.84
2012 11 14 02 02 00     9.70   -8.87    3.43   -3.48    6.27   -5.38   10.71  -10.33    5.64   -5.60    5.07   -4.73
2012 11 14 02 04 00     9.82   -8.86    4.02   -3.92    5.79   -4.95   10.34  -10.02    5.28   -5.36    5.06   -4.67
2012 11 14 02 06 00     9.42   -8.57    4.00   -4.01    5.42   -4.56   10.54  -10.10    5.24   -5.45    5.31   -4.64
2012 11 14 02 08 00     9.54   -8.35    3.91   -4.08    5.63   -4.27   10.13   -9.58    5.12   -5.17    5.01   -4.41
2012 11 14 02 10 00     9.84   -8.86    3.94   -3.91    5.90   -4.95   10.07   -9.71    5.22   -5.41    4.85   -4.29
2012 11 14 02 12 00     9.67   -8.80    3.66   -3.99    6.00   -4.81   10.15   -9.96    5.66   -5.60    4.49   -4.36
2012 11 14 02 14 00     9.73   -8.91    3.90   -4.34    5.84   -4.57    9.99   -9.73    5.56   -5.57    4.44   -4.16
2012 11 14 02 16 00     9.55   -8.33    3.91   -4.06    5.64   -4.27    9.74   -9.58    5.33   -5.47    4.41   -4.11
2012 11 14 02 18 00     9.56   -8.33    3.85   -3.85    5.72   -4.48   10.07   -9.77    5.52   -5.61    4.55   -4.17
2012 11 14 02 20 00     9.67   -8.65    3.74   -3.79    5.93   -4.87   10.25   -9.83    5.72   -5.73    4.54   -4.10
2012 11 14 02 22 00     9.72   -8.74    4.07   -4.28    5.65   -4.46   10.15   -9.76    5.88   -5.90    4.27   -3.86
2012 11 14 02 24 00     9.58   -8.74    4.07   -4.37    5.51   -4.37   12.04  -11.51    7.43   -7.40    4.61   -4.11
2012 11 14 02 26 00    10.06   -9.32    4.17   -4.75    5.89   -4.57   11.41  -11.00    6.96   -6.89    4.45   -4.11
2012 11 14 02 28 00     9.76   -8.95    4.19   -4.69    5.57   -4.26   11.38  -11.11    6.98   -7.09    4.40   -4.01
2012 11 14 02 30 00     9.71   -8.99    4.46   -4.85    5.25   -4.14   11.25  -10.77    7.13   -7.07    4.12   -3.70
2012 11 14 02 32 00     9.03   -8.36    4.15   -4.61    4.88   -3.75   11.46  -10.93    7.21   -7.19    4.25   -3.74
2012 11 14 02 34 00     8.99   -8.41    4.03   -4.71    4.96   -3.70   11.29  -10.80    6.94   -6.92    4.35   -3.88
2012 11 14 02 36 00     9.40   -8.59    4.32   -4.92    5.07   -3.67   10.80  -10.48    6.83   -6.79    3.97   -3.69
2012 11 14 02 38 00     9.38   -8.86    4.08   -4.84    5.30   -4.02   11.12  -10.77    6.79   -6.81    4.33   -3.96
2012 11 14 02 40 00     9.80   -8.78    4.25   -4.68    5.54   -4.10   10.88  -10.17    6.72   -6.50    4.17   -3.67
2012 11 14 02 42 00    10.23   -9.54    4.11   -4.59    6.12   -4.95   10.55  -10.01    6.33   -6.37    4.22   -3.64
2012 11 14 02 44 00    10.25   -9.43    4.32   -4.68    5.93   -4.76   10.77  -10.34    6.31   -6.17    4.46   -4.17
2012 11 14 02 46 00     9.85   -8.75    4.22   -4.49    5.63   -4.26   10.71  -10.07    6.21   -5.88    4.50   -4.19
2012 11 14 02 48 00     9.57   -8.86    4.27   -4.62    5.30   -4.24   11.49  -11.07    6.46   -6.25    5.03   -4.82
2012 11 14 02 50 00    10.13   -9.51    4.60   -5.07    5.54   -4.45   11.56  -11.10    6.49   -6.37    5.06   -4.73
2012 11 14 02 52 00    10.26   -9.73    4.71   -5.11    5.54   -4.62   11.82  -11.17    6.81   -6.76    5.01   -4.41
2012 11 14 02 54 00    10.76  -10.34    5.07   -5.18    5.69   -5.17   11.78  -11.12    6.68   -6.61    5.11   -4.51
2012 11 14 02 56 00    10.98  -10.43    4.87   -5.09    6.11   -5.34   11.28  -10.79    6.20   -6.43    5.08   -4.36
2012 11 14 02 58 00    11.15  -10.83    4.71   -5.06    6.43   -5.76   10.96  -10.68    5.85   -6.19    5.11   -4.50
2012 11 14 03 00 00    10.68  -10.40    4.41   -4.94    6.27   -5.46   11.21  -10.86    5.95   -6.25    5.26   -4.61
2012 11 14 03 02 00    10.95  -10.64    4.44   -5.13    6.52   -5.50   10.69  -10.64    5.71   -6.20    4.98   -4.44
2012 11 14 03 04 00    11.93  -11.25    4.92   -5.56    7.01   -5.69   10.83  -11.11    5.82   -6.48    5.01   -4.63
2012 11 14 03 06 00    11.24  -10.58    5.02   -5.41    6.22   -5.17   10.57  -10.70    5.75   -6.35    4.83   -4.35
2012 11 14 03 08 00    10.74   -9.90    5.13   -5.41    5.61   -4.49   10.26  -10.51    5.64   -6.41    4.62   -4.11
2012 11 14 03 10 00    10.60   -9.60    4.92   -5.26    5.68   -4.33   10.76  -10.73    6.01   -6.49    4.75   -4.24
2012 11 14 03 12 00    10.63   -9.71    5.05   -5.35    5.58   -4.36   10.78  -10.74    6.27   -6.84    4.51   -3.91
2012 11 14 03 14 00    10.09   -9.39    4.97   -5.40    5.12   -3.99    9.93  -10.16    5.93   -6.59    4.00   -3.57
2012 11 14 03 16 00    10.21   -9.23    5.21   -5.50    5.00   -3.74    9.55   -9.53    5.97   -6.51    3.58   -3.02
2012 11 14 03 18 00     9.87   -8.89    5.11   -5.37    4.75   -3.52    9.75   -9.70    6.06   -6.43    3.70   -3.26
2012 11 14 03 20 00     9.70   -8.72    4.85   -5.10    4.85   -3.62    9.11   -9.21    5.35   -5.85    3.76   -3.37
2012 11 14 03 22 00     9.29   -8.69    4.68   -5.07    4.61   -3.62    9.16   -9.25    5.28   -5.73    3.88   -3.51
2012 11 14 03 24 00     8.83   -8.31    4.23   -4.79    4.60   -3.52    9.32   -9.28    5.32   -5.86    3.99   -3.42
2012 11 14 03 26 00     9.17   -8.60    4.10   -4.67    5.08   -3.93   10.65  -10.78    6.32   -6.92    4.33   -3.86
2012 11 14 03 28 00     9.30   -8.79    4.15   -4.92    5.15   -3.86   10.54  -10.46    6.14   -6.58    4.40   -3.88
2012 11 14 03 30 00     9.23   -8.85    4.38   -5.05    4.85   -3.80   10.02   -9.98    6.12   -6.38    3.90   -3.60
2012 11 14 03 32 00    10.00   -9.56    4.64   -5.44    5.36   -4.12   10.44  -10.24    6.16   -6.47    4.28   -3.77
2012 11 14 03 34 00     9.76   -9.44    4.58   -5.39    5.18   -4.05    9.52   -9.31    5.78   -5.96    3.74   -3.36
2012 11 14 03 36 00     9.59   -9.11    4.95   -5.44    4.64   -3.67    9.85   -9.54    5.85   -6.00    4.00   -3.54
2012 11 14 03 38 00     9.36   -8.74    4.79   -5.34    4.57   -3.40   10.29  -10.28    6.22   -6.52    4.07   -3.76
2012 11 14 03 40 00     9.18   -8.43    4.82   -5.14    4.36   -3.29   10.63  -10.76    6.47   -6.85    4.16   -3.91
2012 11 14 03 42 00     8.75   -7.67    4.62   -4.84    4.13   -2.83   11.22  -11.04    6.88   -6.78    4.33   -4.25
2012 11 14 03 44 00     8.93   -7.61    4.61   -4.74    4.31   -2.87   10.06   -9.82    6.06   -6.37    3.99   -3.46
2012 11 14 03 46 00     9.21   -8.26    4.41   -5.13    4.80   -3.13   10.28  -10.07    5.83   -6.21    4.45   -3.86
2012 11 14 03 48 00     9.09   -8.68    4.16   -5.16    4.93   -3.52   10.42  -10.13    5.85   -6.19    4.57   -3.94
2012 11 14 03 50 00     8.70   -8.27    3.91   -4.75    4.80   -3.52   10.45  -10.48    6.04   -6.53    4.41   -3.95
2012 11 14 03 52 00     9.45   -8.83    4.51   -5.31    4.94   -3.52   11.87  -11.72    7.35   -7.73    4.52   -4.00
2012 11 14 03 54 00     8.42   -7.66    3.80   -4.43    4.62   -3.23   11.75  -11.60    7.24   -7.66    4.51   -3.94
2012 11 14 03 56 00     9.01   -8.11    3.97   -4.50    5.05   -3.61   10.65  -10.67    6.42   -6.95    4.23   -3.72
2012 11 14 03 58 00    10.00   -8.93    4.67   -5.16    5.33   -3.77   11.06  -10.97    6.65   -7.14    4.41   -3.82
2012 11 14 04 00 00     9.77   -8.64    4.49   -4.90    5.28   -3.74    9.59   -9.46    5.87   -6.41    3.72   -3.05
2012 11 14 04 02 00    10.76   -9.90    4.91   -5.26    5.85   -4.64    9.57   -9.46    5.78   -6.19    3.79   -3.27
2012 11 14 04 04 00    10.98   -9.96    5.08   -5.34    5.90   -4.62    9.31   -9.30    5.77   -6.02    3.55   -3.28
2012 11 14 04 06 00    11.19   -9.95    5.13   -5.21    6.05   -4.74    8.85   -8.51    5.09   -5.31    3.76   -3.19
2012 11 14 04 08 00    11.13  -10.26    5.13   -5.18    6.00   -5.08    8.83   -8.70    5.07   -5.38    3.76   -3.32
2012 11 14 04 10 00    10.78  -10.00    4.49   -4.50    6.29   -5.49    9.03   -9.01    5.22   -5.54    3.81   -3.46
2012 11 14 04 12 00    11.53  -10.69    5.04   -5.07    6.49   -5.63    9.23   -9.45    5.25   -5.75    3.99   -3.70
2012 11 14 04 14 00    10.75  -10.03    4.98   -5.06    5.77   -4.98    9.28   -9.35    5.31   -5.82    3.97   -3.53
2012 11 14 04 16 00    11.09  -10.23    5.28   -5.37    5.81   -4.86    8.79   -9.11    4.98   -5.60    3.80   -3.50
2012 11 14 04 18 00    10.89  -10.20    5.06   -5.28    5.83   -4.93    9.10   -9.16    5.27   -5.68    3.83   -3.49
2012 11 14 04 20 00    10.17   -9.29    5.10   -5.23    5.07   -4.06    9.50   -9.44    5.35   -5.71    4.15   -3.73
2012 11 14 04 22 00    10.19   -9.10    4.87   -4.86    5.31   -4.23    9.85   -9.98    5.00   -5.53    4.85   -4.45
2012 11 14 04 24 00     9.27   -8.05    4.43   -4.60    4.84   -3.45   10.32  -10.42    5.75   -5.99    4.57   -4.42
2012 11 14 04 26 00     9.36   -8.02    4.78   -5.03    4.58   -2.99   10.59  -10.93    5.93   -6.41    4.66   -4.52
2012 11 14 04 28 00     9.08   -7.77    4.66   -4.96    4.42   -2.81   10.97  -11.00    6.34   -6.60    4.63   -4.40
2012 11 14 04 30 00     9.82   -8.71    5.15   -5.66    4.67   -3.05   10.97  -11.02    6.24   -6.45    4.73   -4.57
2012 11 14 04 32 00     9.24   -8.01    4.78   -5.27    4.47   -2.74   10.76  -10.91    6.42   -6.52    4.34   -4.39
2012 11 14 04 34 00     9.61   -7.95    4.99   -5.28    4.62   -2.67    9.83   -9.77    5.79   -6.17    4.04   -3.60
2012 11 14 04 36 00     9.61   -8.35    4.96   -5.36    4.65   -2.99    9.83   -9.65    5.89   -6.19    3.94   -3.46
2012 11 14 04 38 00     9.36   -8.09    4.81   -5.43    4.55   -2.66   11.20  -10.74    6.68   -6.68    4.53   -4.06
2012 11 14 04 40 00     9.00   -7.66    4.88   -5.37    4.12   -2.29   10.61  -10.47    6.64   -7.10    3.97   -3.36
2012 11 14 04 42 00     9.76   -8.55    4.98   -5.56    4.78   -2.99   11.50  -11.14    7.14   -7.39    4.37   -3.74
2012 11 14 04 44 00    10.07   -9.27    5.79   -6.63    4.28   -2.63   10.98  -11.02    6.75   -7.33    4.22   -3.70
2012 11 14 04 46 00    10.17   -9.34    5.94   -6.66    4.23   -2.68   11.64  -11.48    7.46   -7.84    4.17   -3.63
2012 11 14 04 48 00    10.15   -9.06    5.74   -6.24    4.41   -2.81    9.96   -9.77    6.55   -6.96    3.41   -2.81
2012 11 14 04 50 00     9.62   -8.56    5.25   -5.79    4.38   -2.77   10.16   -9.80    6.51   -6.65    3.65   -3.15
2012 11 14 04 52 00    10.05   -9.26    5.75   -6.29    4.30   -2.97   10.42   -9.85    6.67   -6.70    3.76   -3.15
2012 11 14 04 54 00    10.10   -9.03    5.76   -6.24    4.34   -2.79    9.60   -9.07    6.02   -6.13    3.57   -2.94
2012 11 14 04 56 00    10.26   -9.72    5.71   -6.58    4.55   -3.14    9.23   -8.47    5.33   -5.27    3.90   -3.20
2012 11 14 04 58 00     9.69   -9.25    5.17   -5.92    4.51   -3.34    9.34   -8.60    5.56   -5.65    3.78   -2.95
2012 11 14 05 00 00    10.13   -9.77    5.46   -6.14    4.68   -3.63    9.57   -8.98    5.73   -5.97    3.85   -3.00
2012 11 14 05 02 00     9.98   -9.49    5.15   -5.78    4.83   -3.70    8.20   -8.08    4.61   -4.86    3.59   -3.22
2012 11 14 05 04 00     9.70   -8.74    5.02   -5.22    4.68   -3.51    8.25   -8.23    4.66   -4.99    3.59   -3.24
2012 11 14 05 06 00     9.63   -8.53    5.07   -5.11    4.56   -3.42    7.89   -7.83    4.40   -4.77    3.49   -3.06
2012 11 14 05 08 00     9.37   -8.25    4.89   -4.89    4.48   -3.36    9.11   -8.98    5.21   -5.59    3.90   -3.39
2012 11 14 05 10 00     8.47   -7.77    4.35   -4.71    4.13   -3.05    9.93   -9.84    5.87   -6.08    4.06   -3.76
2012 11 14 05 12 00     9.31   -8.68    4.94   -5.40    4.37   -3.28    9.51   -9.45    5.76   -6.12    3.75   -3.33
2012 11 14 05 14 00     9.71   -8.92    5.02   -5.24    4.69   -3.68   10.04   -9.81    6.28   -6.51    3.77   -3.30
2012 11 14 05 16 00     9.89   -9.05    5.19   -5.29    4.71   -3.76   10.72  -10.46    6.66   -6.84    4.06   -3.62
2012 11 14 05 18 00     9.98   -9.03    5.15   -5.30    4.83   -3.73   12.69  -12.24    7.88   -8.03    4.80   -4.21
2012 11 14 05 20 00    10.18   -9.25    5.13   -5.34    5.05   -3.91   12.10  -11.87    7.49   -7.71    4.61   -4.16
2012 11 14 05 22 00     9.62   -8.73    4.50   -4.89    5.12   -3.84   11.21  -11.31    6.83   -7.11    4.38   -4.19
2012 11 14 05 24 00     9.98   -8.96    4.70   -4.99    5.28   -3.97   10.92  -10.98    5.99   -6.38    4.93   -4.60
2012 11 14 05 26 00    10.20   -9.24    5.30   -5.59    4.89   -3.65   10.33  -10.58    5.38   -5.67    4.95   -4.90
2012 11 14 05 28 00     9.28   -8.41    4.69   -5.03    4.59   -3.37    9.94  -10.15    4.73   -5.03    5.22   -5.12
2012 11 14 05 30 00     9.41   -8.68    4.65   -5.05    4.76   -3.63    9.93  -10.07    4.61   -4.99    5.32   -5.08
2012 11 14 05 32 00    10.25   -9.23    4.93   -5.05    5.32   -4.18   10.05   -9.95    4.86   -4.87    5.19   -5.07
2012 11 14 05 34 00    10.34   -9.68    4.71   -4.87    5.63   -4.82   10.07  -10.40    4.83   -5.12    5.23   -5.28
2012 11 14 05 36 00    10.13   -9.65    3.96   -4.24    6.18   -5.42   10.42  -10.57    5.33   -5.52    5.09   -5.04
2012 11 14 05 38 00     9.96   -9.60    3.75   -4.06    6.21   -5.53   10.18  -10.50    5.19   -5.42    4.99   -5.08
2012 11 14 05 40 00     9.53   -9.11    3.86   -3.95    5.67   -5.15   10.52  -10.75    5.46   -5.70    5.06   -5.05
2012 11 14 05 42 00     8.86   -8.17    3.67   -3.79    5.20   -4.38   10.57  -10.74    5.17   -5.63    5.40   -5.11
2012 11 14 05 44 00     8.89   -8.05    3.80   -3.75    5.09   -4.29   10.26  -10.48    5.13   -5.45    5.13   -5.03
2012 11 14 05 46 00     7.71   -7.34    3.42   -3.61    4.29   -3.73    9.57   -9.93    4.71   -5.07    4.86   -4.86
2012 11 14 05 48 00     7.18   -7.16    3.19   -3.65    3.99   -3.51    9.29   -9.48    4.66   -4.77    4.63   -4.71
2012 11 14 05 50 00     7.22   -6.74    3.15   -3.31    4.07   -3.43    9.53   -9.67    4.82   -4.84    4.72   -4.83
2012 11 14 05 52 00     6.95   -6.69    3.05   -3.36    3.89   -3.33    9.48   -9.43    4.83   -4.88    4.64   -4.55
2012 11 14 05 54 00     7.36   -7.06    3.16   -3.42    4.20   -3.63    9.41   -9.28    4.45   -4.46    4.96   -4.82
2012 11 14 05 56 00     7.49   -7.21    3.16   -3.46    4.33   -3.74    9.15   -9.20    4.34   -4.45    4.81   -4.75
2012 11 14 05 58 00     8.10   -7.55    3.41   -3.60    4.70   -3.96    8.94   -9.18    4.19   -4.44    4.76   -4.74
2012 11 14 06 00 00     8.04   -7.78    3.38   -3.69    4.66   -4.09    8.33   -8.40    4.14   -4.43    4.19   -3.97
2012 11 14 06 02 00     8.65   -8.23    3.74   -3.96    4.91   -4.28    8.86   -8.49    4.15   -4.16    4.70   -4.33
2012 11 14 06 04 00     8.95   -8.67    3.75   -4.06    5.21   -4.61    8.12   -8.12    3.90   -4.01    4.21   -4.10
2012 11 14 06 06 00     8.35   -7.95    3.61   -3.86    4.74   -4.09    8.42   -8.59    4.07   -4.19    4.35   -4.40
2012 11 14 06 08 00     9.07   -8.78    3.67   -4.03    5.40   -4.75    8.51   -8.29    3.85   -3.89    4.66   -4.40
2012 11 14 06 10 00     8.84   -8.24    3.86   -4.06    4.98   -4.18    8.81   -8.70    4.04   -3.87    4.77   -4.83
2012 11 14 06 12 00     8.54   -7.98    3.50   -3.75    5.04   -4.22    8.51   -8.25    4.11   -3.86    4.40   -4.39
2012 11 14 06 14 00     8.82   -8.32    3.75   -3.78    5.07   -4.54    8.77   -8.54    4.12   -4.05    4.65   -4.49
2012 11 14 06 16 00     8.55   -8.05    3.76   -4.04    4.79   -4.01    8.67   -8.66    4.10   -4.06    4.57   -4.60
2012 11 14 06 18 00     8.40   -7.82    3.94   -3.86    4.46   -3.96    8.75   -8.25    4.09   -4.10    4.66   -4.15
2012 11 14 06 20 00     7.71   -7.24    3.74   -3.83    3.97   -3.41    8.66   -8.24    4.08   -4.11    4.58   -4.14
2012 11 14 06 22 00     7.61   -6.99    3.65   -3.54    3.97   -3.44    8.52   -7.98    4.01   -4.25    4.51   -3.73
2012 11 14 06 24 00     8.33   -7.82    3.72   -3.71    4.61   -4.11    8.80   -8.23    4.36   -4.47    4.44   -3.76
2012 11 14 06 26 00     8.62   -8.16    3.42   -3.55    5.20   -4.61    9.02   -8.40    4.88   -4.92    4.14   -3.48
2012 11 14 06 28 00     8.76   -7.96    3.88   -3.66    4.88   -4.30    8.82   -7.92    4.71   -4.58    4.11   -3.34
2012 11 14 06 30 00     8.83   -8.21    3.89   -3.91    4.94   -4.30    8.85   -8.18    4.44   -4.45    4.41   -3.73
2012 11 14 06 32 00     9.08   -8.01    4.30   -4.10    4.78   -3.91    9.16   -8.38    4.82   -4.70    4.34   -3.68
2012 11 14 06 34 00     8.72   -7.91    4.16   -4.33    4.55   -3.58    8.62   -8.17    4.44   -4.62    4.17   -3.55
2012 11 14 06 36 00     8.65   -8.25    3.91   -4.50    4.73   -3.75    8.63   -8.20    4.63   -4.65    4.00   -3.55
2012 11 14 06 38 00     8.65   -7.94    3.99   -4.34    4.66   -3.60    8.13   -7.87    4.21   -4.45    3.92   -3.42
2012 11 14 06 40 00     8.56   -7.95    3.82   -4.27    4.73   -3.68    8.54   -7.93    4.32   -4.57    4.23   -3.36
2012 11 14 06 42 00     8.54   -7.75    3.52   -3.88    5.03   -3.87    8.15   -7.42    4.12   -4.11    4.03   -3.31
2012 11 14 06 44 00     8.67   -8.04    3.32   -3.63    5.35   -4.41    7.79   -7.26    3.95   -4.07    3.84   -3.18
2012 11 14 06 46 00     8.50   -7.96    3.18   -3.46    5.32   -4.50    8.29   -7.50    4.33   -4.22    3.96   -3.28
2012 11 14 06 48 00     8.59   -8.09    3.27   -3.40    5.32   -4.69    8.46   -7.61    4.20   -4.15    4.26   -3.46
2012 11 14 06 50 00     8.99   -8.25    3.37   -3.40    5.62   -4.84    8.68   -7.92    4.32   -4.46    4.35   -3.46
2012 11 14 06 52 00     8.84   -8.33    3.19   -3.45    5.64   -4.87    9.05   -8.32    4.49   -4.84    4.56   -3.49
2012 11 14 06 54 00     8.97   -8.48    3.44   -3.66    5.52   -4.82    9.07   -8.79    4.23   -4.87    4.84   -3.92
2012 11 14 06 56 00     8.82   -8.18    3.53   -3.73    5.29   -4.46    9.32   -8.90    4.28   -4.79    5.05   -4.11
2012 11 14 06 58 00     8.64   -7.96    3.38   -3.58    5.27   -4.39    8.68   -8.56    4.04   -4.55    4.64   -4.01
2012 11 14 07 00 00     8.64   -7.87    3.29   -3.46    5.35   -4.41    8.66   -8.57    4.13   -4.36    4.54   -4.21
2012 11 14 07 02 00     8.55   -7.84    3.36   -3.63    5.19   -4.21    8.36   -7.95    4.13   -4.28    4.24   -3.67
2012 11 14 07 04 00     9.22   -8.29    3.64   -3.95    5.58   -4.34    8.78   -8.74    4.21   -4.52    4.57   -4.22
2012 11 14 07 06 00     9.51   -8.64    3.84   -4.20    5.67   -4.44    8.58   -8.48    4.35   -4.51    4.22   -3.97
2012 11 14 07 08 00     9.13   -8.25    3.85   -4.24    5.28   -4.01    9.08   -8.70    4.69   -4.98    4.40   -3.72
2012 11 14 07 10 00     9.18   -8.41    3.92   -4.26    5.26   -4.16    9.08   -8.78    4.79   -4.99    4.29   -3.79
2012 11 14 07 12 00     9.20   -8.51    3.76   -4.11    5.44   -4.40    9.19   -8.86    4.97   -5.11    4.23   -3.75
2012 11 14 07 14 00     9.00   -8.32    3.63   -3.97    5.37   -4.35    8.61   -8.31    4.77   -5.08    3.84   -3.23
2012 11 14 07 16 00     9.17   -8.47    3.76   -4.13    5.40   -4.34    8.08   -8.00    4.22   -4.66    3.85   -3.34
2012 11 14 07 18 00     8.89   -8.42    3.60   -4.19    5.29   -4.23    8.88   -9.14    4.71   -5.43    4.17   -3.71
2012 11 14 07 20 00     7.88   -7.48    3.25   -3.84    4.63   -3.64    9.59   -9.56    4.89   -5.51    4.71   -4.05
2012 11 14 07 22 00     7.76   -7.25    3.13   -3.72    4.63   -3.53    9.80   -9.59    5.01   -5.52    4.78   -4.07
2012 11 14 07 24 00     7.58   -6.96    3.11   -3.65    4.48   -3.32    9.78   -9.63    4.78   -5.27    4.99   -4.36
2012 11 14 07 26 00     7.54   -6.98    3.30   -3.79    4.24   -3.19   10.10   -9.65    4.75   -5.08    5.35   -4.58
2012 11 14 07 28 00     7.76   -7.11    3.82   -4.18    3.94   -2.93   10.03   -9.28    4.65   -4.71    5.38   -4.57
2012 11 14 07 30 00     7.90   -7.12    3.91   -4.23    3.98   -2.89    9.79   -9.13    4.43   -4.43    5.36   -4.70
2012 11 14 07 32 00     8.10   -7.75    3.70   -4.30    4.40   -3.45   10.19   -9.81    4.71   -4.80    5.48   -5.01
2012 11 14 07 34 00     7.26   -7.16    3.23   -4.03    4.03   -3.13   10.45  -10.12    4.88   -4.95    5.56   -5.18
2012 11 14 07 36 00     7.39   -7.29    3.26   -4.03    4.13   -3.26    9.91   -9.56    4.24   -4.37    5.67   -5.18
2012 11 14 07 38 00     7.22   -7.34    3.07   -3.93    4.15   -3.41    9.57   -9.42    4.11   -4.63    5.46   -4.79
2012 11 14 07 40 00     8.07   -7.69    3.59   -4.03    4.47   -3.66   10.18   -9.66    4.39   -4.73    5.80   -4.93
2012 11 14 07 42 00     7.86   -7.49    3.54   -3.97    4.32   -3.53   10.73  -10.23    4.56   -4.86    6.17   -5.36
2012 11 14 07 44 00     8.08   -7.55    3.63   -3.95    4.45   -3.60   10.77  -10.18    4.59   -4.79    6.18   -5.39
2012 11 14 07 46 00     8.20   -7.51    3.51   -3.64    4.68   -3.87    9.63   -9.10    4.04   -4.17    5.59   -4.94
2012 11 14 07 48 00     8.56   -7.63    3.52   -3.44    5.04   -4.19    9.13   -8.87    3.90   -4.21    5.24   -4.66
2012 11 14 07 50 00     8.28   -7.47    3.43   -3.30    4.85   -4.17    8.76   -8.75    3.89   -4.10    4.87   -4.65
2012 11 14 07 52 00     8.43   -7.70    3.77   -3.64    4.66   -4.07    8.55   -8.40    3.88   -4.00    4.67   -4.40
2012 11 14 07 54 00     8.25   -7.66    3.80   -3.75    4.44   -3.90    8.98   -8.75    3.81   -3.95    5.16   -4.80
2012 11 14 07 56 00     8.01   -7.58    3.18   -3.25    4.83   -4.33    9.24   -9.10    4.13   -4.30    5.11   -4.80
2012 11 14 07 58 00     8.78   -8.25    3.68   -3.70    5.10   -4.55    9.06   -8.59    4.11   -4.17    4.96   -4.42
2012 11 14 08 00 00     8.51   -8.12    3.35   -3.50    5.16   -4.62    8.71   -8.33    3.93   -3.91    4.78   -4.42
2012 11 14 08 02 00     8.28   -8.06    3.16   -3.42    5.13   -4.64    8.14   -7.74    3.71   -3.61    4.43   -4.12
2012 11 14 08 04 00     7.72   -7.13    3.30   -3.39    4.41   -3.73    8.78   -8.57    4.60   -4.54    4.18   -4.03
2012 11 14 08 06 00     9.13   -8.49    4.12   -3.92    5.01   -4.57    8.68   -8.40    4.60   -4.55    4.07   -3.86
2012 11 14 08 08 00     9.04   -8.37    4.06   -3.93    4.98   -4.44    8.44   -8.17    4.27   -4.31    4.17   -3.86
2012 11 14 08 10 00     8.55   -7.78    3.88   -3.60    4.67   -4.19    8.61   -8.15    4.41   -4.39    4.20   -3.76
2012 11 14 08 12 00     8.52   -7.91    3.76   -3.57    4.76   -4.33    8.13   -7.79    4.04   -4.11    4.09   -3.68
2012 11 14 08 14 00     9.07   -8.34    4.22   -3.90    4.84   -4.44    7.47   -7.40    3.15   -3.27    4.32   -4.13
2012 11 14 08 16 00     9.05   -8.29    4.39   -4.23    4.66   -4.05    9.13   -8.75    3.53   -3.63    5.60   -5.12
2012 11 14 08 18 00     9.05   -8.14    4.43   -4.23    4.62   -3.92    8.32   -8.23    3.22   -3.65    5.10   -4.58
2012 11 14 08 20 00     9.14   -8.35    4.47   -4.36    4.67   -3.99    9.00   -8.73    3.30   -3.68    5.70   -5.05
2012 11 14 08 22 00     8.55   -7.59    4.33   -4.18    4.23   -3.41    9.93   -9.83    3.78   -4.24    6.15   -5.59
2012 11 14 08 24 00     8.45   -7.89    4.13   -4.21    4.31   -3.67    9.44   -9.19    3.94   -4.32    5.50   -4.87
2012 11 14 08 26 00     7.94   -7.36    3.77   -3.93    4.18   -3.43    9.38   -9.06    3.86   -4.33    5.52   -4.73
2012 11 14 08 28 00     8.00   -7.50    4.15   -4.22    3.86   -3.28    9.39   -8.97    3.75   -4.12    5.63   -4.84
2012 11 14 08 30 00     7.76   -7.08    3.96   -3.89    3.79   -3.19   10.06   -9.32    3.97   -4.00    6.09   -5.32
2012 11 14 08 32 00     7.75   -7.30    3.98   -4.01    3.77   -3.29   10.50   -9.93    4.35   -4.69    6.14   -5.24
2012 11 14 08 34 00     7.91   -7.49    4.09   -4.23    3.82   -3.26   10.63  -10.18    4.78   -4.84    5.84   -5.34
2012 11 14 08 36 00     7.81   -7.32    4.34   -4.32    3.47   -3.00   11.25  -10.79    5.27   -5.28    5.98   -5.52
2012 11 14 08 38 00     8.48   -7.90    4.88   -4.75    3.59   -3.15   10.61   -9.73    5.12   -4.82    5.50   -4.91
2012 11 14 08 40 00     8.64   -8.37    4.71   -4.52    3.92   -3.84   10.48  -10.02    4.93   -4.84    5.55   -5.18
2012 11 14 08 42 00     8.41   -8.24    4.78   -4.66    3.63   -3.59   10.01   -9.04    5.32   -4.70    4.69   -4.34
2012 11 14 08 44 00     9.10   -8.71    5.22   -4.82    3.87   -3.89    9.70   -8.73    5.20   -4.70    4.49   -4.03
2012 11 14 08 46 00     9.02   -8.76    4.96   -4.79    4.06   -3.97   10.41   -9.55    5.14   -5.12    5.27   -4.43
2012 11 14 08 48 00     8.69   -8.61    4.82   -4.89    3.86   -3.72   11.21  -10.29    5.06   -4.97    6.15   -5.32
2012 11 14 08 50 00     8.55   -8.71    4.49   -4.87    4.06   -3.84   11.15   -9.90    4.93   -4.72    6.21   -5.17
2012 11 14 08 52 00     8.79   -9.02    4.68   -4.96    4.11   -4.07   10.43   -9.52    4.82   -4.86    5.61   -4.67
2012 11 14 08 54 00     8.26   -8.37    4.33   -4.75    3.93   -3.62   10.32   -9.92    5.12   -5.04    5.20   -4.88
2012 11 14 08 56 00     8.21   -8.22    4.27   -4.69    3.93   -3.53    9.98   -9.50    5.04   -4.90    4.94   -4.60
2012 11 14 08 58 00     8.70   -8.50    4.31   -4.81    4.39   -3.70   10.44   -9.74    5.62   -5.57    4.82   -4.17
2012 11 14 09 00 00     9.25   -8.84    5.09   -5.13    4.15   -3.71   10.36   -9.40    5.66   -5.34    4.70   -4.06
2012 11 14 09 02 00     8.97   -8.75    4.89   -5.20    4.08   -3.55   10.08   -9.23    5.59   -5.39    4.49   -3.84
2012 11 14 09 04 00     9.70   -9.17    5.27   -5.38    4.43   -3.79   10.33   -9.68    5.40   -5.60    4.94   -4.08
2012 11 14 09 06 00     7.72   -7.17    3.95   -3.99    3.77   -3.18    9.29   -8.93    4.84   -5.15    4.45   -3.78
2012 11 14 09 08 00     7.69   -7.25    3.94   -3.90    3.75   -3.35    9.68   -9.46    4.81   -5.36    4.87   -4.10
2012 11 14 09 10 00     7.74   -7.09    3.59   -3.58    4.16   -3.51    9.67   -9.20    5.06   -5.55    4.61   -3.66
2012 11 14 09 12 00     7.80   -7.24    3.60   -3.54    4.20   -3.70    9.47   -8.85    4.74   -5.19    4.73   -3.66
2012 11 14 09 14 00     7.81   -7.23    3.56   -3.57    4.25   -3.66    8.31   -8.12    4.03   -4.73    4.29   -3.39
2012 11 14 09 16 00     7.90   -7.55    3.66   -3.82    4.25   -3.73    8.09   -7.50    3.88   -4.22    4.21   -3.28
2012 11 14 09 18 00     7.83   -7.87    3.62   -3.89    4.21   -3.98    7.60   -7.08    3.70   -4.02    3.90   -3.06
2012 11 14 09 20 00     7.75   -7.79    3.55   -3.84    4.20   -3.95    7.62   -6.87    3.93   -3.94    3.69   -2.94
2012 11 14 09 22 00     7.86   -8.16    3.73   -4.01    4.14   -4.15    7.46   -6.87    3.70   -3.81    3.75   -3.05
2012 11 14 09 24 00     7.05   -7.13    2.88   -3.23    4.17   -3.90    7.45   -6.82    3.87   -4.04    3.58   -2.77
2012 11 14 09 26 00     7.55   -7.65    3.24   -3.58    4.32   -4.08    7.24   -6.68    3.86   -3.93    3.39   -2.75
2012 11 14 09 28 00     7.52   -7.50    3.77   -4.22    3.75   -3.28    7.16   -6.46    3.62   -3.68    3.54   -2.77
2012 11 14 09 30 00     7.62   -7.41    3.81   -4.25    3.81   -3.16    6.99   -6.20    3.57   -3.67    3.42   -2.53
2012 11 14 09 32 00     6.95   -6.57    3.47   -4.01    3.48   -2.55    7.12   -6.51    3.62   -3.68    3.49   -2.84
2012 11 14 09 34 00     6.89   -6.55    3.17   -3.77    3.72   -2.78    7.62   -6.47    3.90   -3.59    3.72   -2.88
2012 11 14 09 36 00     6.50   -6.54    2.81   -3.45    3.70   -3.08    7.44   -6.44    3.63   -3.69    3.82   -2.75
2012 11 14 09 38 00     6.47   -6.42    2.82   -3.61    3.65   -2.81    6.96   -6.37    3.26   -3.53    3.70   -2.85
2012 11 14 09 40 00     5.97   -5.72    2.46   -3.28    3.51   -2.44    7.33   -6.92    3.36   -3.83    3.97   -3.10
2012 11 14 09 42 00     6.25   -6.09    2.59   -3.22    3.67   -2.87    7.28   -6.96    3.65   -3.95    3.63   -3.01
2012 11 14 09 44 00     5.82   -5.57    2.73   -3.17    3.09   -2.40    6.51   -5.93    3.34   -3.44    3.17   -2.49
2012 11 14 09 46 00     5.31   -5.31    2.44   -2.95    2.87   -2.36    6.28   -6.13    3.22   -3.60    3.07   -2.52
2012 11 14 09 48 00     5.50   -5.23    2.54   -2.76    2.97   -2.47    6.06   -6.14    3.32   -3.78    2.74   -2.36
2012 11 14 09 50 00     5.48   -5.36    2.51   -2.72    2.96   -2.65    6.40   -6.01    3.38   -3.62    3.02   -2.39
2012 11 14 09 52 00     5.02   -5.12    2.34   -2.60    2.69   -2.52    6.05   -5.41    2.95   -2.97    3.09   -2.44
2012 11 14 09 54 00     5.41   -5.16    2.97   -2.96    2.43   -2.20    5.88   -5.54    2.88   -3.01    3.00   -2.53
2012 11 14 09 56 00     5.48   -5.01    2.99   -2.84    2.49   -2.17    6.06   -5.13    3.01   -2.66    3.05   -2.47
2012 11 14 09 58 00     5.05   -4.98    2.68   -2.81    2.37   -2.17    5.79   -4.91    2.98   -2.70    2.82   -2.21
2012 11 14 10 00 00     4.30   -4.20    2.03   -2.22    2.27   -1.98    5.23   -4.46    2.65   -2.31    2.59   -2.16
2012 11 14 10 02 00     4.22   -4.04    1.83   -2.07    2.38   -1.97    4.92   -4.11    2.19   -2.00    2.73   -2.11
2012 11 14 10 04 00     4.16   -3.75    1.76   -1.80    2.39   -1.95    4.93   -4.03    2.15   -1.94    2.78   -2.09
2012 11 14 10 06 00     3.63   -3.35    1.40   -1.55    2.23   -1.80    4.58   -3.71    1.99   -1.66    2.59   -2.05
2012 11 14 10 08 00     3.96   -3.65    1.64   -1.71    2.32   -1.94    4.76   -3.73    1.96   -1.73    2.80   -2.00
2012 11 14 10 10 00     3.36   -3.12    1.39   -1.42    1.97   -1.71    4.61   -3.58    1.85   -1.53    2.77   -2.05
2012 11 14 10 12 00     3.26   -3.26    1.26   -1.48    2.00   -1.78    4.30   -3.33    1.75   -1.38    2.55   -1.95
2012 11 14 10 14 00     2.90   -2.80    1.04   -1.22    1.86   -1.58    4.27   -3.53    1.71   -1.45    2.56   -2.08
2012 11 14 10 16 00     2.83   -2.82    1.07   -1.26    1.76   -1.56    3.86   -3.01    1.71   -1.27    2.14   -1.74
2012 11 14 10 18 00     2.59   -2.46    0.93   -1.02    1.65   -1.44    3.75   -2.67    1.63   -1.00    2.12   -1.67
2012 11 14 10 20 00     3.03   -2.79    1.05   -1.18    1.99   -1.61    3.37   -2.66    1.58   -1.13    1.78   -1.53
2012 11 14 10 22 00     3.03   -2.78    1.02   -1.16    2.02   -1.62    3.23   -2.61    1.61   -1.31    1.62   -1.30
2012 11 14 10 24 00     2.96   -2.71    1.03   -1.12    1.93   -1.60    2.70   -2.29    1.47   -1.16    1.23   -1.13
2012 11 14 10 26 00     2.87   -2.76    0.97   -1.16    1.91   -1.60    2.89   -2.33    1.64   -1.16    1.25   -1.17
2012 11 14 10 28 00     2.82   -3.06    0.83   -1.23    1.98   -1.84    2.95   -2.60    1.69   -1.23    1.25   -1.37
2012 11 14 10 30 00     2.69   -2.78    0.85   -1.20    1.84   -1.58    2.95   -2.93    1.79   -1.50    1.17   -1.43
2012 11 14 10 32 00     2.60   -2.70    0.93   -1.20    1.67   -1.49    3.43   -3.33    1.89   -1.57    1.54   -1.77
2012 11 14 10 34 00     2.64   -2.67    0.90   -1.07    1.73   -1.60    3.25   -3.08    1.73   -1.23    1.51   -1.84
2012 11 14 10 36 00     2.63   -2.53    0.83   -1.05    1.81   -1.49    3.41   -3.28    1.95   -1.52    1.46   -1.76
2012 11 14 10 38 00     2.54   -2.41    0.82   -1.03    1.72   -1.38    3.61   -3.45    2.14   -1.69    1.47   -1.76
2012 11 14 10 40 00     2.49   -2.29    0.78   -0.97    1.71   -1.32    3.59   -3.50    1.85   -1.58    1.74   -1.92
2012 11 14 10 42 00     3.00   -2.74    0.99   -1.13    2.02   -1.62    2.73   -2.85    1.54   -1.42    1.19   -1.43
2012 11 14 10 44 00     2.55   -2.09    1.02   -1.00    1.53   -1.09    2.42   -2.53    1.24   -1.15    1.18   -1.39
2012 11 14 10 46 00     2.41   -2.06    0.97   -0.89    1.45   -1.18    2.41   -2.45    1.26   -1.18    1.15   -1.27
2012 11 14 10 48 00     2.44   -2.03    1.08   -1.01    1.36   -1.02    2.47   -2.58    1.26   -1.22    1.20   -1.36
2012 11 14 10 50 00     2.22   -2.09    0.96   -0.95    1.27   -1.14    2.12   -2.21    1.39   -1.38    0.74   -0.83
2012 11 14 10 52 00     2.30   -2.15    0.81   -0.94    1.49   -1.21    1.88   -2.08    1.14   -1.22    0.74   -0.86
2012 11 14 10 54 00     2.22   -2.14    0.73   -0.88    1.50   -1.27    2.03   -2.17    1.26   -1.45    0.77   -0.72
2012 11 14 10 56 00     2.10   -1.90    0.65   -0.78    1.44   -1.12    1.96   -2.10    1.15   -1.32    0.81   -0.77
2012 11 14 10 58 00     2.38   -2.06    0.77   -0.78    1.61   -1.28    1.84   -1.87    1.22   -1.21    0.62   -0.65
2012 11 14 11 00 00     2.03   -1.81    0.72   -0.83    1.31   -0.98    1.86   -1.71    1.16   -1.00    0.70   -0.71
2012 11 14 11 02 00     1.81   -1.57    0.61   -0.65    1.20   -0.92    1.75   -1.73    1.14   -0.99    0.61   -0.74
2012 11 14 11 04 00     1.72   -1.62    0.63   -0.58    1.09   -1.04    2.01   -1.80    1.18   -1.03    0.84   -0.77
2012 11 14 11 06 00     1.71   -1.58    0.63   -0.52    1.09   -1.06    1.71   -1.88    1.18   -1.19    0.53   -0.69
2012 11 14 11 08 00     1.79   -1.58    0.60   -0.58    1.20   -1.00    1.46   -1.45    0.99   -0.91    0.47   -0.54
2012 11 14 11 10 00     1.82   -1.49    0.71   -0.59    1.11   -0.90    1.44   -1.48    1.05   -0.95    0.38   -0.53
2012 11 14 11 12 00     1.75   -1.17    0.60   -0.46    1.15   -0.71    1.26   -1.34    1.01   -0.83    0.26   -0.51
2012 11 14 11 14 00     1.75   -1.32    0.53   -0.46    1.21   -0.86    1.30   -1.26    1.00   -0.78    0.30   -0.48
2012 11 14 11 16 00     1.61   -1.26    0.36   -0.40    1.25   -0.87    1.66   -1.25    1.10   -0.72    0.56   -0.53
2012 11 14 11 18 00     1.91   -1.54    0.45   -0.54    1.47   -1.01    1.60   -1.28    0.91   -0.68    0.69   -0.60
2012 11 14 11 20 00     1.59   -1.21    0.39   -0.48    1.20   -0.73    1.55   -1.38    0.96   -0.90    0.59   -0.48
2012 11 14 11 22 00     1.60   -1.17    0.41   -0.49    1.19   -0.69    1.86   -1.61    1.05   -0.96    0.80   -0.65
2012 11 14 11 24 00     1.67   -1.14    0.39   -0.41    1.29   -0.73    1.81   -1.75    1.10   -1.08    0.71   -0.67
2012 11 14 11 26 00     1.68   -1.16    0.37   -0.49    1.30   -0.67    1.98   -1.91    1.20   -1.29    0.78   -0.62
2012 11 14 11 28 00     1.74   -1.45    0.64   -0.85    1.11   -0.61    2.29   -1.94    1.38   -1.20    0.90   -0.73
2012 11 14 11 30 00     1.96   -1.46    0.90   -0.90    1.06   -0.56    2.23   -2.03    1.16   -1.05    1.07   -0.98
2012 11 14 11 32 00     2.45   -2.01    1.12   -1.33    1.33   -0.68    2.14   -2.02    1.07   -0.92    1.06   -1.09
2012 11 14 11 34 00     2.91   -2.46    1.46   -1.60    1.46   -0.86    2.18   -2.01    1.22   -1.04    0.95   -0.97
2012 11 14 11 36 00     3.12   -2.89    1.48   -1.70    1.63   -1.19    1.86   -1.76    1.19   -1.05    0.68   -0.71
2012 11 14 11 38 00     3.47   -3.29    1.55   -1.66    1.92   -1.64    1.81   -1.62    1.26   -1.09    0.56   -0.52
2012 11 14 11 40 00     3.18   -2.82    1.42   -1.40    1.76   -1.41    2.27   -1.64    1.69   -1.20    0.58   -0.44
2012 11 14 11 42 00     3.21   -2.85    1.61   -1.51    1.60   -1.34    2.28   -1.59    1.66   -1.27    0.62   -0.31
2012 11 14 11 44 00     2.98   -2.57    1.67   -1.47    1.32   -1.10    2.28   -1.90    1.56   -1.26    0.72   -0.64
2012 11 14 11 46 00     2.76   -2.29    1.53   -1.30    1.23   -0.99    2.42   -1.94    1.58   -1.35    0.84   -0.59
2012 11 14 11 48 00     2.77   -2.00    1.48   -1.32    1.30   -0.68    2.16   -1.86    1.47   -1.27    0.69   -0.59
2012 11 14 11 50 00     2.44   -1.78    1.25   -1.28    1.19   -0.49    1.93   -1.74    1.34   -1.17    0.59   -0.56
2012 11 14 11 52 00     2.34   -1.69    1.13   -1.17    1.21   -0.52    1.96   -1.93    1.24   -1.32    0.73   -0.62
2012 11 14 11 54 00     2.55   -1.94    1.13   -1.20    1.42   -0.75    1.91   -1.92    1.14   -1.26    0.77   -0.66
2012 11 14 11 56 00     2.54   -1.93    1.04   -1.11    1.50   -0.82    2.34   -2.18    1.57   -1.44    0.77   -0.74
2012 11 14 11 58 00     2.69   -2.05    1.09   -1.10    1.60   -0.95    2.38   -2.07    1.55   -1.46    0.83   -0.62
2012 11 14 12 00 00     2.77   -2.06    1.05   -1.10    1.72   -0.96    2.86   -2.53    1.83   -1.68    1.03   -0.85