year, month, day, hour, minute, second, I total up North [MA], I total down North [MA], I day up North [MA], I day down North [MA], I night up North [MA], I night down North [MA], I total up South [MA], I total down South [MA], I day up South [MA], I day down South [MA], I night up South [MA], I night down South [MA]
2022 05 27 12 00 00     1.70   -1.60    0.93   -0.75    0.77   -0.85    0.83   -0.70    0.49   -0.39    0.34   -0.31
2022 05 27 12 02 00     1.84   -1.67    1.14   -0.99    0.70   -0.68    0.71   -0.65    0.40   -0.35    0.31   -0.30
2022 05 27 12 04 00     1.66   -1.46    1.01   -0.83    0.65   -0.63    0.77   -0.77    0.42   -0.45    0.35   -0.32
2022 05 27 12 06 00     2.33   -2.26    1.29   -1.15    1.04   -1.10    0.66   -0.62    0.34   -0.37    0.32   -0.25
2022 05 27 12 08 00     2.36   -2.32    1.19   -1.10    1.17   -1.22    1.09   -1.21    0.36   -0.42    0.73   -0.79
2022 05 27 12 10 00     2.52   -2.62    1.20   -1.19    1.32   -1.43    1.47   -1.49    0.58   -0.59    0.89   -0.90
2022 05 27 12 12 00     2.88   -2.95    1.33   -1.38    1.55   -1.57    1.91   -2.05    0.73   -0.83    1.19   -1.21
2022 05 27 12 14 00     2.94   -3.02    1.31   -1.34    1.62   -1.69    1.77   -2.09    0.56   -0.85    1.21   -1.24
2022 05 27 12 16 00     2.84   -2.83    1.40   -1.36    1.44   -1.48    2.15   -2.44    0.86   -1.02    1.29   -1.42
2022 05 27 12 18 00     3.02   -2.89    1.35   -1.30    1.67   -1.59    1.95   -2.40    0.77   -1.00    1.18   -1.39
2022 05 27 12 20 00     3.07   -3.10    1.28   -1.37    1.79   -1.73    2.35   -2.59    0.86   -1.04    1.49   -1.55
2022 05 27 12 22 00     4.20   -4.25    1.66   -1.88    2.54   -2.37    2.18   -2.26    0.85   -0.95    1.33   -1.31
2022 05 27 12 24 00     3.68   -3.58    1.64   -1.58    2.04   -2.00    2.16   -2.44    0.77   -0.89    1.39   -1.55
2022 05 27 12 26 00     3.68   -3.71    1.74   -1.73    1.95   -1.98    2.77   -2.79    0.92   -1.02    1.84   -1.76
2022 05 27 12 28 00     3.78   -3.58    1.61   -1.44    2.17   -2.14    2.82   -2.76    1.06   -1.12    1.76   -1.64
2022 05 27 12 30 00     3.92   -3.96    1.73   -1.49    2.19   -2.47    2.81   -2.65    1.01   -1.05    1.80   -1.60
2022 05 27 12 32 00     3.82   -3.77    1.95   -1.70    1.87   -2.07    2.83   -2.67    1.07   -1.09    1.75   -1.58
2022 05 27 12 34 00     3.93   -3.85    1.90   -1.75    2.03   -2.10    3.40   -3.37    1.15   -1.35    2.25   -2.03
2022 05 27 12 36 00     4.12   -4.24    1.97   -1.92    2.14   -2.32    3.43   -3.43    1.17   -1.48    2.26   -1.95
2022 05 27 12 38 00     4.30   -4.18    2.04   -1.84    2.25   -2.34    3.91   -4.18    1.33   -1.64    2.58   -2.54
2022 05 27 12 40 00     4.50   -4.33    2.13   -1.83    2.37   -2.50    4.11   -4.26    1.48   -1.70    2.63   -2.56
2022 05 27 12 42 00     4.70   -4.52    2.30   -2.01    2.41   -2.51    3.87   -3.81    1.46   -1.49    2.40   -2.33
2022 05 27 12 44 00     5.37   -5.02    2.60   -2.27    2.77   -2.76    3.76   -3.48    1.32   -1.36    2.43   -2.12
2022 05 27 12 46 00     5.31   -4.93    2.64   -2.22    2.67   -2.70    3.36   -3.30    1.21   -1.30    2.15   -2.00
2022 05 27 12 48 00     5.42   -5.29    2.66   -2.57    2.77   -2.72    3.36   -3.35    0.98   -1.16    2.38   -2.19
2022 05 27 12 50 00     5.64   -5.52    2.73   -2.68    2.91   -2.84    3.49   -3.55    1.06   -1.33    2.42   -2.22
2022 05 27 12 52 00     5.60   -5.47    2.80   -2.81    2.79   -2.67    4.25   -4.23    1.34   -1.55    2.91   -2.68
2022 05 27 12 54 00     6.57   -6.29    3.08   -3.09    3.49   -3.20    3.88   -4.02    1.38   -1.57    2.51   -2.46
2022 05 27 12 56 00     6.83   -6.51    3.24   -3.14    3.58   -3.37    3.84   -3.64    1.22   -1.39    2.62   -2.25
2022 05 27 12 58 00     6.38   -6.04    2.83   -2.79    3.55   -3.25    3.91   -3.85    1.48   -1.71    2.43   -2.14
2022 05 27 13 00 00     6.07   -5.65    3.03   -2.85    3.04   -2.80    3.99   -4.06    1.41   -1.83    2.58   -2.22
2022 05 27 13 02 00     5.66   -5.18    2.85   -2.67    2.81   -2.51    3.79   -3.82    1.26   -1.69    2.53   -2.13
2022 05 27 13 04 00     5.43   -5.05    2.79   -2.68    2.64   -2.37    3.84   -4.02    1.43   -1.82    2.41   -2.21
2022 05 27 13 06 00     5.47   -4.93    2.74   -2.53    2.73   -2.40    4.10   -4.30    1.68   -2.06    2.42   -2.24
2022 05 27 13 08 00     5.82   -5.26    3.12   -2.88    2.70   -2.38    4.21   -4.20    1.72   -2.02    2.49   -2.18
2022 05 27 13 10 00     5.70   -5.26    2.96   -2.69    2.74   -2.57    4.04   -4.01    1.67   -1.95    2.37   -2.06
2022 05 27 13 12 00     5.72   -5.48    2.94   -2.72    2.78   -2.76    3.84   -3.93    1.60   -1.85    2.24   -2.08
2022 05 27 13 14 00     5.27   -4.91    2.80   -2.63    2.47   -2.28    4.05   -3.91    1.56   -1.83    2.50   -2.08
2022 05 27 13 16 00     5.36   -5.25    2.85   -2.91    2.51   -2.34    4.37   -4.20    1.58   -1.86    2.79   -2.34
2022 05 27 13 18 00     5.36   -5.27    2.88   -2.95    2.48   -2.32    4.26   -4.08    1.59   -1.85    2.67   -2.23
2022 05 27 13 20 00     5.58   -5.16    2.91   -2.75    2.67   -2.41    4.42   -4.32    1.72   -2.05    2.70   -2.26
2022 05 27 13 22 00     6.39   -6.18    3.17   -3.09    3.22   -3.10    4.49   -4.48    1.72   -2.14    2.77   -2.34
2022 05 27 13 24 00     6.35   -6.21    3.10   -3.01    3.25   -3.21    4.58   -4.37    1.86   -2.26    2.71   -2.12
2022 05 27 13 26 00     6.56   -6.34    3.34   -3.28    3.22   -3.06    4.43   -4.38    1.82   -2.26    2.62   -2.12
2022 05 27 13 28 00     6.89   -6.71    3.48   -3.42    3.41   -3.29    5.13   -4.97    2.03   -2.37    3.11   -2.60
2022 05 27 13 30 00     6.67   -6.46    3.46   -3.31    3.21   -3.15    4.85   -4.74    1.79   -2.15    3.07   -2.59
2022 05 27 13 32 00     7.17   -6.82    3.63   -3.52    3.54   -3.31    4.71   -4.63    1.79   -2.18    2.93   -2.45
2022 05 27 13 34 00     7.47   -7.20    3.72   -3.71    3.75   -3.49    5.13   -4.94    1.86   -2.27    3.27   -2.67
2022 05 27 13 36 00     7.61   -7.41    3.92   -3.83    3.69   -3.58    5.10   -5.16    1.75   -2.40    3.35   -2.76
2022 05 27 13 38 00     7.61   -7.24    4.15   -4.07    3.46   -3.17    5.22   -5.14    1.97   -2.50    3.25   -2.64
2022 05 27 13 40 00     7.40   -7.18    4.08   -4.18    3.32   -3.00    5.37   -5.46    2.21   -2.80    3.15   -2.65
2022 05 27 13 42 00     7.09   -7.12    4.07   -4.30    3.02   -2.83    5.36   -5.54    2.13   -2.70    3.23   -2.85
2022 05 27 13 44 00     8.15   -8.07    4.87   -5.17    3.28   -2.90    5.39   -5.51    2.18   -2.78    3.21   -2.73
2022 05 27 13 46 00     7.74   -7.66    4.36   -4.70    3.38   -2.96    5.27   -5.57    1.90   -2.63    3.37   -2.94
2022 05 27 13 48 00     7.46   -7.45    4.15   -4.49    3.32   -2.95    5.38   -5.59    2.03   -2.73    3.35   -2.86
2022 05 27 13 50 00     7.44   -7.50    4.19   -4.60    3.25   -2.91    5.47   -5.70    1.96   -2.90    3.51   -2.80
2022 05 27 13 52 00     7.95   -7.89    4.52   -4.98    3.43   -2.92    5.36   -5.52    2.03   -3.00    3.32   -2.52
2022 05 27 13 54 00     7.73   -7.47    4.23   -4.57    3.50   -2.90    5.44   -5.63    2.11   -3.18    3.33   -2.45
2022 05 27 13 56 00     6.97   -6.75    3.60   -4.19    3.37   -2.55    4.98   -5.36    2.07   -3.13    2.92   -2.22
2022 05 27 13 58 00     6.74   -6.59    3.34   -4.01    3.39   -2.58    4.95   -5.15    1.80   -2.79    3.14   -2.36
2022 05 27 14 00 00     6.45   -6.41    3.35   -4.03    3.10   -2.38    4.69   -4.94    1.78   -2.75    2.92   -2.19
2022 05 27 14 02 00     6.66   -6.58    3.49   -4.19    3.16   -2.39    5.02   -4.98    2.07   -2.86    2.95   -2.12
2022 05 27 14 04 00     6.70   -6.61    3.65   -4.26    3.05   -2.35    4.74   -4.85    2.19   -3.05    2.55   -1.80
2022 05 27 14 06 00     6.79   -6.88    3.66   -4.36    3.13   -2.53    4.23   -4.32    1.87   -2.68    2.36   -1.65
2022 05 27 14 08 00     6.19   -6.04    3.63   -4.11    2.56   -1.94    3.86   -3.90    1.71   -2.52    2.15   -1.37
2022 05 27 14 10 00     6.39   -6.13    3.67   -3.96    2.73   -2.17    4.05   -4.22    1.88   -2.75    2.17   -1.47
2022 05 27 14 12 00     6.14   -6.18    3.48   -3.93    2.66   -2.25    3.47   -3.52    1.79   -2.39    1.68   -1.13
2022 05 27 14 14 00     5.94   -5.96    3.27   -3.76    2.67   -2.20    3.60   -3.62    1.82   -2.46    1.78   -1.16
2022 05 27 14 16 00     5.83   -5.88    3.16   -3.73    2.67   -2.15    3.46   -3.44    1.60   -2.33    1.86   -1.11
2022 05 27 14 18 00     5.71   -5.58    3.15   -3.74    2.55   -1.84    3.05   -3.19    1.52   -2.19    1.53   -1.00
2022 05 27 14 20 00     5.82   -5.78    3.30   -3.85    2.52   -1.93    3.13   -3.08    1.48   -2.18    1.64   -0.90
2022 05 27 14 22 00     6.09   -5.97    3.56   -4.03    2.53   -1.94    2.89   -2.83    1.61   -2.22    1.28   -0.61
2022 05 27 14 24 00     5.98   -5.99    3.62   -3.92    2.37   -2.07    2.97   -2.89    1.65   -2.25    1.31   -0.64
2022 05 27 14 26 00     5.85   -5.90    3.62   -3.91    2.23   -2.00    3.31   -3.42    2.00   -2.55    1.32   -0.87
2022 05 27 14 28 00     6.05   -6.06    3.70   -4.00    2.35   -2.06    3.38   -3.37    1.96   -2.40    1.42   -0.97
2022 05 27 14 30 00     6.30   -6.20    3.83   -3.98    2.46   -2.23    3.22   -3.34    1.87   -2.36    1.35   -0.99
2022 05 27 14 32 00     6.13   -6.15    3.75   -3.96    2.38   -2.19    3.61   -3.43    2.05   -2.30    1.56   -1.13
2022 05 27 14 34 00     6.13   -6.04    3.70   -3.70    2.44   -2.34    3.52   -3.58    1.90   -2.31    1.62   -1.27
2022 05 27 14 36 00     6.22   -6.12    3.85   -3.85    2.37   -2.27    3.69   -3.64    2.03   -2.40    1.66   -1.24
2022 05 27 14 38 00     6.36   -5.98    3.98   -3.81    2.38   -2.17    3.43   -3.47    2.00   -2.30    1.43   -1.16
2022 05 27 14 40 00     6.51   -6.36    4.05   -4.07    2.46   -2.30    3.45   -3.64    1.97   -2.27    1.48   -1.36
2022 05 27 14 42 00     6.58   -6.27    3.98   -3.89    2.59   -2.38    3.85   -4.12    2.19   -2.44    1.66   -1.67
2022 05 27 14 44 00     6.49   -6.31    3.84   -3.71    2.65   -2.61    3.82   -3.97    2.06   -2.33    1.76   -1.65
2022 05 27 14 46 00     6.74   -6.58    3.83   -3.71    2.91   -2.87    3.73   -3.95    1.92   -2.30    1.81   -1.66
2022 05 27 14 48 00     6.65   -6.60    3.99   -3.80    2.66   -2.79    4.09   -4.28    2.03   -2.47    2.07   -1.81
2022 05 27 14 50 00     6.72   -6.68    3.93   -3.90    2.79   -2.78    4.30   -4.33    2.10   -2.52    2.20   -1.81
2022 05 27 14 52 00     6.64   -6.32    3.80   -3.59    2.85   -2.74    5.11   -4.91    2.38   -2.67    2.72   -2.24
2022 05 27 14 54 00     6.88   -6.76    3.98   -3.75    2.90   -3.01    5.19   -5.04    2.46   -2.83    2.73   -2.21
2022 05 27 14 56 00     6.81   -6.74    3.89   -3.63    2.91   -3.11    4.98   -4.60    2.35   -2.64    2.63   -1.96
2022 05 27 14 58 00     6.90   -6.72    4.01   -3.56    2.89   -3.16    5.21   -4.89    2.35   -2.77    2.86   -2.13
2022 05 27 15 00 00     7.06   -6.95    3.95   -3.57    3.12   -3.38    5.14   -4.79    2.30   -2.82    2.83   -1.98
2022 05 27 15 02 00     6.97   -6.97    3.90   -3.69    3.06   -3.28    5.31   -5.05    2.34   -2.93    2.96   -2.11
2022 05 27 15 04 00     7.63   -7.45    4.23   -4.00    3.40   -3.45    5.61   -5.30    2.61   -3.16    3.00   -2.14
2022 05 27 15 06 00     7.97   -7.96    4.60   -4.58    3.36   -3.38    5.38   -4.81    2.42   -2.82    2.96   -1.99
2022 05 27 15 08 00     7.48   -7.21    4.08   -3.98    3.41   -3.23    5.35   -5.14    2.48   -3.00    2.86   -2.15
2022 05 27 15 10 00     7.46   -7.33    4.18   -4.17    3.29   -3.15    5.27   -5.05    2.40   -2.84    2.88   -2.21
2022 05 27 15 12 00     7.96   -7.63    4.52   -4.42    3.44   -3.21    5.25   -5.03    2.36   -2.84    2.89   -2.19
2022 05 27 15 14 00     8.20   -8.02    4.65   -4.61    3.55   -3.41    5.35   -5.17    2.33   -2.83    3.02   -2.35
2022 05 27 15 16 00     8.10   -8.00    4.64   -4.65    3.46   -3.35    5.50   -5.31    2.35   -2.80    3.16   -2.50
2022 05 27 15 18 00     8.34   -8.38    4.97   -5.01    3.37   -3.37    5.65   -5.37    2.36   -2.82    3.28   -2.55
2022 05 27 15 20 00     8.47   -8.51    4.95   -5.10    3.52   -3.42    5.65   -5.39    2.48   -2.89    3.17   -2.50
2022 05 27 15 22 00     7.48   -7.58    4.50   -4.71    2.98   -2.87    4.79   -4.64    1.99   -2.36    2.80   -2.29
2022 05 27 15 24 00     7.44   -7.41    4.58   -4.74    2.85   -2.68    4.81   -4.85    1.93   -2.29    2.88   -2.56
2022 05 27 15 26 00     7.87   -7.81    4.88   -5.06    2.98   -2.75    4.38   -4.48    1.76   -2.22    2.61   -2.26
2022 05 27 15 28 00     7.89   -7.82    4.84   -4.99    3.04   -2.83    4.71   -4.84    1.82   -2.37    2.89   -2.47
2022 05 27 15 30 00     7.51   -7.49    4.52   -4.72    3.00   -2.77    5.16   -5.34    2.05   -2.66    3.11   -2.68
2022 05 27 15 32 00     7.90   -7.80    4.65   -4.78    3.25   -3.02    5.65   -5.81    2.21   -2.92    3.44   -2.90
2022 05 27 15 34 00     8.03   -8.11    4.52   -4.84    3.52   -3.27    5.23   -5.34    2.01   -2.66    3.22   -2.67
2022 05 27 15 36 00     8.01   -7.97    4.55   -4.95    3.46   -3.01    5.08   -5.11    2.11   -2.56    2.97   -2.55
2022 05 27 15 38 00     8.04   -7.99    4.52   -4.85    3.52   -3.14    5.17   -5.25    2.11   -2.62    3.06   -2.63
2022 05 27 15 40 00     8.35   -8.11    4.60   -4.85    3.74   -3.26    4.98   -5.23    2.12   -2.65    2.85   -2.57
2022 05 27 15 42 00     8.24   -8.08    4.63   -4.88    3.61   -3.20    4.70   -4.86    2.12   -2.48    2.58   -2.39
2022 05 27 15 44 00     8.14   -8.00    4.66   -4.82    3.47   -3.18    5.16   -5.22    2.36   -2.60    2.80   -2.62
2022 05 27 15 46 00     7.71   -7.50    4.37   -4.38    3.34   -3.13    5.44   -5.50    2.53   -2.77    2.91   -2.73
2022 05 27 15 48 00     7.61   -7.68    4.33   -4.45    3.28   -3.23    5.55   -5.59    2.78   -3.07    2.77   -2.51
2022 05 27 15 50 00     7.89   -7.85    4.38   -4.48    3.51   -3.37    4.83   -4.96    2.21   -2.76    2.62   -2.19
2022 05 27 15 52 00     7.76   -7.57    4.33   -4.17    3.43   -3.41    4.80   -4.91    2.06   -2.76    2.74   -2.15
2022 05 27 15 54 00     7.08   -6.96    3.85   -3.73    3.23   -3.23    4.97   -5.09    2.13   -2.80    2.84   -2.29
2022 05 27 15 56 00     7.11   -6.83    3.84   -3.77    3.27   -3.06    5.36   -5.45    2.24   -2.96    3.12   -2.49
2022 05 27 15 58 00     7.06   -6.80    3.98   -3.85    3.09   -2.95    5.22   -5.21    2.18   -2.92    3.03   -2.29
2022 05 27 16 00 00     7.09   -6.94    4.05   -3.93    3.05   -3.01    5.09   -5.22    2.07   -2.81    3.02   -2.41
2022 05 27 16 02 00     7.28   -7.13    4.16   -3.97    3.12   -3.15    5.06   -5.28    2.03   -2.83    3.03   -2.45
2022 05 27 16 04 00     7.27   -7.37    3.99   -4.06    3.28   -3.30    5.03   -5.26    2.08   -2.90    2.95   -2.36
2022 05 27 16 06 00     7.29   -7.27    4.04   -3.92    3.25   -3.35    5.07   -5.20    2.12   -2.92    2.95   -2.28
2022 05 27 16 08 00     7.61   -7.55    3.92   -3.91    3.69   -3.64    4.90   -4.94    2.00   -2.74    2.90   -2.21
2022 05 27 16 10 00     7.87   -7.80    4.12   -4.06    3.74   -3.74    5.11   -5.22    2.16   -2.99    2.96   -2.23
2022 05 27 16 12 00     7.97   -7.75    4.06   -4.06    3.91   -3.69    5.18   -5.30    2.20   -2.92    2.98   -2.38
2022 05 27 16 14 00     7.85   -7.58    3.99   -4.06    3.86   -3.52    5.03   -5.05    2.16   -2.87    2.87   -2.18
2022 05 27 16 16 00     7.72   -7.58    3.92   -4.06    3.80   -3.52    5.19   -5.15    2.35   -2.85    2.84   -2.30
2022 05 27 16 18 00     7.65   -7.37    3.78   -3.88    3.87   -3.49    5.03   -5.32    2.37   -3.01    2.66   -2.30
2022 05 27 16 20 00     8.60   -8.44    4.86   -4.98    3.73   -3.46    5.19   -5.29    2.44   -2.88    2.76   -2.40
2022 05 27 16 22 00     8.43   -8.13    4.85   -4.85    3.59   -3.28    4.91   -5.18    2.11   -2.75    2.79   -2.44
2022 05 27 16 24 00     8.40   -8.07    4.78   -4.84    3.62   -3.22    5.06   -5.30    2.11   -2.65    2.96   -2.64
2022 05 27 16 26 00     8.73   -8.71    5.03   -5.23    3.70   -3.48    5.36   -5.37    2.41   -2.83    2.95   -2.55
2022 05 27 16 28 00     8.62   -8.37    4.86   -5.05    3.76   -3.32    5.41   -5.44    2.37   -2.79    3.05   -2.65
2022 05 27 16 30 00     8.66   -8.43    4.94   -5.19    3.72   -3.23    5.34   -5.28    2.32   -2.71    3.01   -2.57
2022 05 27 16 32 00     8.37   -8.15    4.79   -5.26    3.57   -2.89    5.22   -5.12    2.36   -2.75    2.86   -2.37
2022 05 27 16 34 00     8.44   -8.09    4.95   -5.14    3.49   -2.95    5.17   -5.05    2.38   -2.79    2.79   -2.27
2022 05 27 16 36 00     7.95   -7.93    4.62   -5.01    3.34   -2.92    4.44   -4.36    2.26   -2.60    2.19   -1.76
2022 05 27 16 38 00     7.86   -7.75    4.66   -5.04    3.20   -2.71    4.90   -4.68    2.30   -2.73    2.60   -1.95
2022 05 27 16 40 00     8.19   -8.02    4.54   -4.89    3.65   -3.13    4.99   -4.90    2.03   -2.58    2.96   -2.32
2022 05 27 16 42 00     7.99   -7.87    4.37   -4.72    3.62   -3.15    5.01   -5.09    1.96   -2.52    3.05   -2.57
2022 05 27 16 44 00     7.85   -7.66    4.37   -4.75    3.48   -2.91    5.09   -5.18    1.94   -2.42    3.15   -2.76
2022 05 27 16 46 00     7.80   -7.66    4.34   -4.71    3.47   -2.95    4.84   -4.78    1.73   -2.19    3.11   -2.60
2022 05 27 16 48 00     7.84   -7.73    4.55   -4.92    3.29   -2.81    4.52   -4.46    1.72   -2.11    2.80   -2.35
2022 05 27 16 50 00     7.79   -7.57    4.42   -4.76    3.37   -2.81    4.30   -3.98    1.79   -2.14    2.51   -1.85
2022 05 27 16 52 00     7.59   -7.47    4.07   -4.64    3.52   -2.83    4.03   -3.71    1.58   -2.05    2.45   -1.66
2022 05 27 16 54 00     7.22   -6.94    3.87   -4.33    3.36   -2.60    4.09   -3.77    1.45   -1.88    2.63   -1.89
2022 05 27 16 56 00     7.41   -7.15    4.09   -4.57    3.32   -2.58    3.75   -3.75    1.34   -1.95    2.41   -1.80
2022 05 27 16 58 00     6.91   -6.71    3.82   -4.31    3.10   -2.40    3.73   -3.56    1.31   -1.83    2.41   -1.73
2022 05 27 17 00 00     7.65   -7.29    4.47   -4.86    3.18   -2.43    3.52   -3.34    1.25   -1.78    2.28   -1.55
2022 05 27 17 02 00     7.39   -7.29    4.24   -4.81    3.15   -2.49    3.23   -2.98    1.06   -1.49    2.17   -1.49
2022 05 27 17 04 00     7.13   -7.05    4.19   -4.74    2.94   -2.31    2.92   -2.68    0.94   -1.35    1.98   -1.33
2022 05 27 17 06 00     7.07   -6.77    4.12   -4.61    2.95   -2.17    2.85   -2.95    0.92   -1.31    1.93   -1.64
2022 05 27 17 08 00     6.90   -6.70    3.94   -4.54    2.96   -2.15    3.02   -3.00    1.07   -1.41    1.94   -1.59
2022 05 27 17 10 00     6.16   -5.96    3.19   -3.61    2.97   -2.35    3.05   -3.10    1.11   -1.49    1.94   -1.61
2022 05 27 17 12 00     5.95   -5.69    3.42   -3.84    2.53   -1.85    3.33   -3.24    1.33   -1.62    2.00   -1.62
2022 05 27 17 14 00     5.77   -5.60    3.32   -3.64    2.45   -1.96    3.40   -3.29    1.33   -1.72    2.07   -1.57
2022 05 27 17 16 00     5.60   -5.43    3.31   -3.50    2.29   -1.92    3.46   -3.31    1.51   -1.79    1.95   -1.51
2022 05 27 17 18 00     5.34   -5.07    3.17   -3.30    2.17   -1.77    3.32   -3.18    1.53   -1.82    1.79   -1.36
2022 05 27 17 20 00     5.36   -5.02    3.09   -3.22    2.27   -1.80    3.39   -3.16    1.49   -1.72    1.90   -1.44
2022 05 27 17 22 00     5.27   -5.11    3.06   -3.28    2.22   -1.83    2.96   -2.87    1.40   -1.68    1.56   -1.19
2022 05 27 17 24 00     5.11   -4.84    2.96   -3.09    2.15   -1.75    2.72   -2.73    1.28   -1.70    1.44   -1.03
2022 05 27 17 26 00     5.13   -4.78    3.05   -3.21    2.08   -1.57    2.57   -2.77    1.09   -1.61    1.48   -1.16
2022 05 27 17 28 00     5.06   -4.56    2.93   -2.98    2.13   -1.58    2.63   -2.82    1.12   -1.68    1.51   -1.14
2022 05 27 17 30 00     4.46   -4.35    2.59   -2.80    1.87   -1.54    2.37   -2.84    1.12   -1.71    1.25   -1.13
2022 05 27 17 32 00     4.49   -4.18    2.54   -2.71    1.95   -1.47    2.46   -2.71    1.21   -1.80    1.25   -0.91
2022 05 27 17 34 00     4.74   -4.59    2.82   -3.14    1.92   -1.45    2.66   -2.80    1.23   -1.83    1.43   -0.98
2022 05 27 17 36 00     4.69   -4.60    2.76   -3.12    1.93   -1.48    2.41   -2.58    1.15   -1.72    1.26   -0.86
2022 05 27 17 38 00     4.85   -4.74    2.92   -3.28    1.93   -1.45    2.56   -2.61    1.30   -1.83    1.26   -0.78
2022 05 27 17 40 00     4.65   -4.60    2.96   -3.32    1.69   -1.28    2.21   -2.46    1.16   -1.80    1.05   -0.66
2022 05 27 17 42 00     4.17   -3.84    2.31   -2.51    1.86   -1.34    2.15   -2.29    1.08   -1.54    1.07   -0.75
2022 05 27 17 44 00     4.19   -3.95    2.39   -2.52    1.80   -1.42    2.02   -1.94    1.14   -1.49    0.88   -0.46
2022 05 27 17 46 00     4.14   -3.86    2.40   -2.39    1.74   -1.47    1.87   -1.98    1.01   -1.46    0.86   -0.52
2022 05 27 17 48 00     3.86   -3.73    2.07   -2.03    1.79   -1.70    1.38   -1.52    0.75   -1.13    0.63   -0.39
2022 05 27 17 50 00     3.97   -3.87    2.00   -2.04    1.96   -1.83    1.20   -1.31    0.72   -1.01    0.48   -0.29
2022 05 27 17 52 00     3.92   -3.75    2.07   -2.04    1.85   -1.71    1.41   -1.21    0.79   -0.82    0.61   -0.39
2022 05 27 17 54 00     3.55   -3.57    1.87   -2.01    1.68   -1.57    1.33   -1.32    0.67   -0.89    0.66   -0.43
2022 05 27 17 56 00     3.80   -3.74    2.06   -2.20    1.74   -1.54    1.40   -1.40    0.80   -0.91    0.60   -0.48
2022 05 27 17 58 00     3.48   -3.47    1.95   -2.10    1.54   -1.37    1.64   -1.54    0.94   -0.99    0.70   -0.55
2022 05 27 18 00 00     3.30   -3.25    1.91   -1.95    1.39   -1.30    1.58   -1.72    0.98   -1.14    0.61   -0.58
2022 05 27 18 02 00     3.39   -3.16    1.72   -1.67    1.67   -1.49    1.35   -1.29    0.79   -0.76    0.55   -0.53
2022 05 27 18 04 00     3.22   -2.81    1.63   -1.48    1.59   -1.33    1.50   -1.59    0.88   -0.74    0.62   -0.84
2022 05 27 18 06 00     3.20   -2.93    1.65   -1.60    1.54   -1.33    1.41   -1.55    0.77   -0.75    0.65   -0.81
2022 05 27 18 08 00     3.31   -2.92    1.83   -1.62    1.48   -1.30    1.51   -1.87    0.75   -0.81    0.77   -1.05
2022 05 27 18 10 00     3.40   -3.12    2.01   -1.91    1.39   -1.21    1.31   -1.65    0.64   -0.69    0.67   -0.96
2022 05 27 18 12 00     3.35   -3.12    2.06   -2.05    1.29   -1.08    1.41   -1.59    0.69   -0.65    0.72   -0.95
2022 05 27 18 14 00     3.02   -2.74    1.75   -1.74    1.27   -1.00    1.50   -1.65    0.69   -0.57    0.81   -1.08
2022 05 27 18 16 00     2.98   -2.52    1.73   -1.52    1.25   -1.00    1.42   -1.69    0.59   -0.70    0.83   -0.99
2022 05 27 18 18 00     3.06   -2.87    1.99   -1.87    1.08   -1.00    0.86   -0.97    0.42   -0.57    0.44   -0.41
2022 05 27 18 20 00     3.00   -2.72    1.89   -1.65    1.12   -1.07    0.66   -0.73    0.35   -0.40    0.31   -0.33
2022 05 27 18 22 00     3.29   -2.87    2.09   -1.81    1.20   -1.06    0.84   -0.84    0.33   -0.32    0.51   -0.52
2022 05 27 18 24 00     3.15   -2.80    2.08   -1.80    1.07   -1.00    0.56   -0.58    0.25   -0.22    0.31   -0.36
2022 05 27 18 26 00     2.79   -2.30    1.86   -1.55    0.93   -0.76    0.73   -0.63    0.22   -0.22    0.51   -0.41
2022 05 27 18 28 00     2.96   -2.50    1.87   -1.55    1.08   -0.95    0.86   -0.81    0.40   -0.27    0.46   -0.53
2022 05 27 18 30 00     2.81   -2.53    1.75   -1.43    1.05   -1.10    0.84   -0.76    0.30   -0.24    0.54   -0.52
2022 05 27 18 32 00     3.22   -2.97    1.93   -1.68    1.29   -1.29    0.98   -0.80    0.35   -0.24    0.63   -0.56
2022 05 27 18 34 00     3.19   -3.06    1.75   -1.52    1.44   -1.54    1.00   -0.82    0.33   -0.24    0.67   -0.59
2022 05 27 18 36 00     3.17   -3.04    1.81   -1.68    1.35   -1.36    0.86   -0.83    0.32   -0.29    0.54   -0.54
2022 05 27 18 38 00     3.14   -2.98    1.74   -1.55    1.40   -1.42    0.80   -0.93    0.17   -0.17    0.62   -0.75
2022 05 27 18 40 00     3.27   -3.04    1.84   -1.68    1.43   -1.35    0.88   -1.01    0.21   -0.21    0.66   -0.79
2022 05 27 18 42 00     3.12   -2.94    1.70   -1.59    1.42   -1.35    0.87   -1.07    0.17   -0.20    0.69   -0.86
2022 05 27 18 44 00     3.21   -2.96    1.77   -1.54    1.44   -1.42    0.64   -0.88    0.16   -0.17    0.48   -0.71
2022 05 27 18 46 00     3.51   -3.20    2.05   -1.81    1.46   -1.39    0.72   -0.97    0.23   -0.26    0.49   -0.72
2022 05 27 18 48 00     3.27   -3.04    2.01   -1.87    1.26   -1.17    0.56   -1.00    0.14   -0.29    0.42   -0.72
2022 05 27 18 50 00     3.17   -2.97    1.93   -1.83    1.24   -1.15    0.63   -0.97    0.17   -0.24    0.46   -0.73
2022 05 27 18 52 00     3.13   -2.74    1.96   -1.73    1.17   -1.01    0.61   -1.02    0.15   -0.30    0.45   -0.72
2022 05 27 18 54 00     2.77   -2.54    1.73   -1.55    1.04   -0.99    0.65   -1.03    0.14   -0.24    0.50   -0.79
2022 05 27 18 56 00     2.60   -2.46    1.69   -1.41    0.92   -1.05    0.85   -1.13    0.14   -0.23    0.71   -0.90
2022 05 27 18 58 00     2.64   -2.50    1.64   -1.43    0.99   -1.07    0.81   -1.18    0.16   -0.28    0.65   -0.89
2022 05 27 19 00 00     2.67   -2.34    1.57   -1.36    1.10   -0.98    0.75   -1.23    0.10   -0.27    0.65   -0.96
2022 05 27 19 02 00     2.46   -2.21    1.57   -1.37    0.89   -0.85    0.91   -1.31    0.12   -0.31    0.80   -1.00
2022 05 27 19 04 00     2.39   -2.15    1.50   -1.26    0.88   -0.89    0.79   -1.15    0.21   -0.31    0.59   -0.85
2022 05 27 19 06 00     2.31   -2.31    1.43   -1.27    0.88   -1.04    0.64   -1.05    0.15   -0.29    0.49   -0.76
2022 05 27 19 08 00     2.30   -2.24    1.47   -1.16    0.83   -1.08    0.63   -0.97    0.18   -0.26    0.45   -0.71
2022 05 27 19 10 00     2.31   -2.26    1.40   -1.11    0.91   -1.15    0.52   -0.97    0.14   -0.22    0.38   -0.75
2022 05 27 19 12 00     2.45   -2.39    1.57   -1.21    0.88   -1.18    0.55   -0.89    0.18   -0.25    0.37   -0.64
2022 05 27 19 14 00     2.18   -2.08    1.40   -1.09    0.78   -0.99    0.47   -0.95    0.13   -0.32    0.33   -0.63
2022 05 27 19 16 00     2.16   -2.10    1.45   -1.12    0.71   -0.97    0.44   -1.03    0.13   -0.46    0.31   -0.57
2022 05 27 19 18 00     2.25   -2.00    1.48   -1.09    0.77   -0.91    0.51   -0.89    0.18   -0.44    0.33   -0.45
2022 05 27 19 20 00     2.13   -1.86    1.51   -1.06    0.62   -0.80    0.45   -0.80    0.21   -0.35    0.25   -0.45
2022 05 27 19 22 00     1.95   -1.71    1.37   -0.93    0.58   -0.78    0.49   -0.90    0.23   -0.41    0.26   -0.49
2022 05 27 19 24 00     1.96   -1.80    1.44   -0.96    0.51   -0.84    0.60   -0.99    0.28   -0.48    0.32   -0.51
2022 05 27 19 26 00     2.15   -1.85    1.64   -1.05    0.51   -0.80    0.79   -1.10    0.40   -0.59    0.38   -0.51
2022 05 27 19 28 00     2.10   -2.06    1.63   -1.21    0.47   -0.85    0.80   -1.02    0.45   -0.58    0.35   -0.44
2022 05 27 19 30 00     2.37   -2.22    1.78   -1.28    0.59   -0.94    0.90   -1.07    0.60   -0.67    0.29   -0.40
2022 05 27 19 32 00     2.58   -2.44    1.89   -1.44    0.69   -1.00    0.94   -1.37    0.55   -0.83    0.39   -0.54
2022 05 27 19 34 00     2.43   -2.39    1.85   -1.44    0.59   -0.95    1.41   -1.68    0.90   -1.16    0.51   -0.51
2022 05 27 19 36 00     2.42   -2.14    1.83   -1.31    0.59   -0.83    1.35   -1.65    0.87   -1.17    0.48   -0.48
2022 05 27 19 38 00     2.31   -2.04    1.82   -1.32    0.49   -0.72    1.46   -1.70    1.02   -1.28    0.44   -0.42
2022 05 27 19 40 00     2.59   -2.16    2.08   -1.54    0.51   -0.63    1.45   -1.79    0.98   -1.34    0.47   -0.45
2022 05 27 19 42 00     2.59   -2.22    2.02   -1.51    0.57   -0.71    1.81   -2.07    1.18   -1.49    0.63   -0.58
2022 05 27 19 44 00     2.95   -2.45    2.28   -1.71    0.67   -0.75    2.02   -2.11    1.34   -1.39    0.68   -0.72
2022 05 27 19 46 00     3.34   -2.87    2.46   -1.91    0.88   -0.95    2.12   -2.29    1.37   -1.50    0.75   -0.79
2022 05 27 19 48 00     3.31   -2.81    2.38   -1.83    0.94   -0.98    1.80   -2.27    1.16   -1.40    0.65   -0.87
2022 05 27 19 50 00     3.44   -3.16    2.46   -2.08    0.97   -1.08    1.41   -1.82    0.94   -1.14    0.47   -0.68
2022 05 27 19 52 00     3.50   -3.30    2.47   -2.13    1.03   -1.17    1.20   -1.62    0.76   -0.91    0.44   -0.71
2022 05 27 19 54 00     3.40   -3.08    2.40   -1.94    1.00   -1.14    1.28   -1.59    0.64   -0.78    0.64   -0.81
2022 05 27 19 56 00     3.01   -2.29    2.07   -1.36    0.94   -0.94    1.16   -1.48    0.60   -0.73    0.56   -0.75
2022 05 27 19 58 00     2.21   -1.70    1.44   -0.88    0.77   -0.82    1.09   -1.29    0.53   -0.64    0.56   -0.65
2022 05 27 20 00 00     2.53   -2.26    1.52   -1.09    1.02   -1.17    1.05   -1.40    0.49   -0.66    0.56   -0.74
2022 05 27 20 02 00     2.30   -2.16    1.34   -0.99    0.96   -1.17    1.05   -1.46    0.45   -0.52    0.60   -0.94
2022 05 27 20 04 00     2.23   -1.97    1.28   -0.88    0.95   -1.08    1.26   -1.67    0.39   -0.53    0.87   -1.14
2022 05 27 20 06 00     2.58   -2.41    1.34   -1.04    1.24   -1.37    1.45   -1.85    0.40   -0.55    1.05   -1.30
2022 05 27 20 08 00     2.64   -2.41    1.27   -1.07    1.37   -1.34    1.62   -1.84    0.39   -0.51    1.23   -1.33
2022 05 27 20 10 00     2.62   -2.23    1.33   -1.05    1.29   -1.18    1.76   -1.83    0.47   -0.50    1.29   -1.33
2022 05 27 20 12 00     2.41   -2.16    1.13   -0.93    1.28   -1.23    1.16   -1.32    0.45   -0.47    0.71   -0.86
2022 05 27 20 14 00     2.66   -2.38    1.37   -1.17    1.29   -1.21    1.12   -1.31    0.47   -0.56    0.65   -0.75
2022 05 27 20 16 00     2.79   -2.35    1.53   -1.29    1.27   -1.06    1.07   -1.31    0.48   -0.58    0.60   -0.73
2022 05 27 20 18 00     2.76   -2.44    1.57   -1.31    1.19   -1.14    0.68   -0.93    0.38   -0.43    0.30   -0.51
2022 05 27 20 20 00     2.71   -2.52    1.52   -1.31    1.20   -1.22    0.74   -0.96    0.44   -0.52    0.31   -0.44
2022 05 27 20 22 00     2.65   -2.33    1.46   -1.19    1.19   -1.14    0.75   -0.94    0.44   -0.44    0.31   -0.50
2022 05 27 20 24 00     2.27   -2.02    1.38   -1.16    0.89   -0.86    0.75   -0.84    0.39   -0.34    0.36   -0.50
2022 05 27 20 26 00     2.19   -1.95    1.31   -1.08    0.88   -0.87    0.61   -0.76    0.37   -0.30    0.25   -0.46
2022 05 27 20 28 00     2.26   -1.86    1.52   -1.16    0.75   -0.70    0.57   -0.88    0.30   -0.39    0.27   -0.49
2022 05 27 20 30 00     2.23   -1.83    1.47   -1.18    0.76   -0.66    0.38   -0.84    0.21   -0.33    0.17   -0.51
2022 05 27 20 32 00     2.39   -2.13    1.52   -1.25    0.87   -0.88    0.39   -0.63    0.24   -0.24    0.15   -0.40
2022 05 27 20 34 00     2.35   -2.16    1.55   -1.42    0.80   -0.74    0.44   -0.70    0.19   -0.26    0.25   -0.44
2022 05 27 20 36 00     2.34   -2.03    1.57   -1.35    0.77   -0.68    0.52   -0.71    0.29   -0.27    0.23   -0.44
2022 05 27 20 38 00     2.25   -2.08    1.64   -1.43    0.61   -0.65    0.61   -0.86    0.36   -0.41    0.25   -0.45
2022 05 27 20 40 00     2.18   -1.98    1.45   -1.29    0.73   -0.68    0.84   -0.86    0.40   -0.44    0.45   -0.42
2022 05 27 20 42 00     2.28   -2.10    1.59   -1.38    0.69   -0.72    0.77   -0.91    0.40   -0.42    0.37   -0.50
2022 05 27 20 44 00     2.03   -1.69    1.44   -1.24    0.58   -0.44    0.75   -0.87    0.38   -0.37    0.37   -0.50
2022 05 27 20 46 00     2.32   -1.94    1.54   -1.19    0.79   -0.74    0.85   -0.87    0.48   -0.44    0.36   -0.43
2022 05 27 20 48 00     2.40   -2.27    1.37   -1.18    1.03   -1.09    0.88   -1.10    0.38   -0.39    0.50   -0.71
2022 05 27 20 50 00     2.42   -2.42    1.12   -0.93    1.30   -1.49    1.30   -1.46    0.38   -0.43    0.92   -1.03
2022 05 27 20 52 00     2.41   -2.69    0.96   -0.80    1.45   -1.89    1.13   -1.30    0.34   -0.37    0.78   -0.93
2022 05 27 20 54 00     2.34   -2.42    0.93   -0.75    1.41   -1.67    1.24   -1.83    0.36   -0.58    0.88   -1.24
2022 05 27 20 56 00     2.26   -2.17    0.85   -0.70    1.41   -1.47    1.21   -1.69    0.28   -0.43    0.93   -1.26
2022 05 27 20 58 00     2.31   -2.03    0.88   -0.58    1.43   -1.44    1.56   -1.90    0.54   -0.62    1.02   -1.28
2022 05 27 21 00 00     2.45   -2.17    1.04   -0.72    1.41   -1.45    1.49   -1.74    0.45   -0.53    1.04   -1.21
2022 05 27 21 02 00     2.60   -2.24    1.19   -0.79    1.41   -1.45    1.40   -1.74    0.46   -0.53    0.94   -1.22
2022 05 27 21 04 00     2.68   -2.32    1.14   -0.76    1.55   -1.55    1.60   -1.73    0.50   -0.46    1.11   -1.27
2022 05 27 21 06 00     2.54   -2.26    1.12   -0.85    1.42   -1.41    1.40   -1.67    0.34   -0.43    1.07   -1.24
2022 05 27 21 08 00     2.48   -2.13    1.12   -0.85    1.36   -1.29    1.20   -1.40    0.48   -0.43    0.71   -0.96
2022 05 27 21 10 00     2.54   -2.16    1.29   -0.95    1.25   -1.21    1.16   -1.35    0.46   -0.39    0.71   -0.96
2022 05 27 21 12 00     2.66   -2.41    1.34   -1.10    1.32   -1.30    1.27   -1.42    0.47   -0.41    0.80   -1.01
2022 05 27 21 14 00     2.79   -2.74    1.44   -1.26    1.35   -1.47    1.54   -1.78    0.57   -0.71    0.97   -1.08
2022 05 27 21 16 00     2.76   -2.62    1.52   -1.26    1.24   -1.36    1.36   -1.61    0.43   -0.52    0.93   -1.09
2022 05 27 21 18 00     3.06   -2.95    1.56   -1.33    1.50   -1.62    1.46   -1.73    0.42   -0.52    1.03   -1.21
2022 05 27 21 20 00     2.65   -2.76    1.29   -1.16    1.36   -1.60    1.34   -1.56    0.39   -0.43    0.95   -1.12
2022 05 27 21 22 00     2.68   -2.60    1.38   -1.21    1.30   -1.39    1.26   -1.43    0.36   -0.44    0.90   -0.99
2022 05 27 21 24 00     2.54   -2.34    1.12   -0.84    1.42   -1.50    1.22   -1.47    0.37   -0.43    0.85   -1.03
2022 05 27 21 26 00     2.80   -2.54    1.41   -1.11    1.39   -1.43    1.18   -1.39    0.33   -0.26    0.85   -1.14
2022 05 27 21 28 00     2.94   -2.84    1.51   -1.41    1.43   -1.43    1.20   -1.52    0.31   -0.34    0.89   -1.18
2022 05 27 21 30 00     2.75   -2.57    1.39   -1.32    1.36   -1.25    1.09   -1.17    0.30   -0.33    0.79   -0.84
2022 05 27 21 32 00     2.96   -2.90    1.67   -1.67    1.29   -1.22    0.89   -0.94    0.22   -0.12    0.67   -0.81
2022 05 27 21 34 00     2.76   -2.48    1.51   -1.34    1.25   -1.14    0.94   -0.97    0.17   -0.15    0.77   -0.82
2022 05 27 21 36 00     2.70   -2.39    1.54   -1.28    1.17   -1.10    0.99   -0.77    0.23   -0.07    0.77   -0.70
2022 05 27 21 38 00     2.51   -2.18    1.45   -1.17    1.06   -1.00    0.87   -0.74    0.15   -0.06    0.72   -0.68
2022 05 27 21 40 00     2.54   -2.44    1.59   -1.41    0.95   -1.03    0.89   -0.89    0.18   -0.15    0.71   -0.73
2022 05 27 21 42 00     2.46   -2.25    1.53   -1.31    0.93   -0.94    1.16   -1.30    0.35   -0.43    0.82   -0.87
2022 05 27 21 44 00     2.61   -2.45    1.44   -1.16    1.16   -1.30    1.28   -1.41    0.50   -0.54    0.78   -0.87
2022 05 27 21 46 00     2.65   -2.59    1.37   -1.28    1.28   -1.31    1.50   -1.55    0.64   -0.74    0.86   -0.82
2022 05 27 21 48 00     2.75   -2.60    1.35   -1.20    1.40   -1.39    1.69   -1.91    0.71   -0.94    0.98   -0.97
2022 05 27 21 50 00     2.59   -2.37    1.29   -1.14    1.31   -1.23    1.52   -1.90    0.58   -0.95    0.94   -0.95
2022 05 27 21 52 00     2.63   -2.53    1.32   -1.16    1.31   -1.37    1.53   -1.48    0.55   -0.67    0.97   -0.81
2022 05 27 21 54 00     2.67   -2.63    1.41   -1.20    1.26   -1.43    1.42   -1.58    0.54   -0.68    0.88   -0.90
2022 05 27 21 56 00     2.35   -2.32    1.21   -1.08    1.14   -1.24    1.44   -1.52    0.50   -0.64    0.94   -0.87
2022 05 27 21 58 00     2.57   -2.20    1.35   -1.14    1.21   -1.05    1.46   -1.51    0.56   -0.70    0.90   -0.81
2022 05 27 22 00 00     2.58   -2.28    1.50   -1.40    1.07   -0.88    1.25   -1.25    0.54   -0.64    0.70   -0.61
2022 05 27 22 02 00     3.09   -2.85    1.66   -1.52    1.43   -1.33    1.46   -1.51    0.75   -0.86    0.71   -0.65
2022 05 27 22 04 00     3.27   -3.11    1.76   -1.68    1.51   -1.43    1.31   -1.45    0.50   -0.77    0.82   -0.67
2022 05 27 22 06 00     3.51   -3.32    1.87   -1.80    1.63   -1.53    1.21   -1.54    0.48   -0.80    0.73   -0.74
2022 05 27 22 08 00     3.56   -3.47    1.95   -2.00    1.61   -1.47    1.10   -1.72    0.45   -0.89    0.65   -0.84
2022 05 27 22 10 00     3.94   -3.88    2.14   -2.13    1.80   -1.75    1.31   -1.79    0.78   -1.01    0.53   -0.78
2022 05 27 22 12 00     3.39   -3.33    1.93   -1.98    1.45   -1.36    1.63   -2.04    0.80   -1.04    0.83   -0.99
2022 05 27 22 14 00     3.35   -3.09    1.99   -1.89    1.36   -1.21    1.62   -2.02    0.71   -1.00    0.91   -1.02
2022 05 27 22 16 00     3.26   -3.37    2.05   -2.11    1.21   -1.25    2.01   -2.16    0.74   -1.08    1.27   -1.08
2022 05 27 22 18 00     3.51   -3.34    2.26   -2.15    1.26   -1.18    2.02   -2.38    0.77   -1.16    1.26   -1.22
2022 05 27 22 20 00     3.61   -3.32    2.35   -2.19    1.26   -1.13    2.24   -2.52    0.97   -1.35    1.27   -1.17
2022 05 27 22 22 00     3.49   -3.34    2.15   -2.19    1.33   -1.15    2.27   -2.74    1.09   -1.49    1.18   -1.24
2022 05 27 22 24 00     3.63   -3.67    2.32   -2.40    1.32   -1.27    2.49   -2.88    1.18   -1.58    1.31   -1.30
2022 05 27 22 26 00     3.78   -3.75    2.33   -2.43    1.45   -1.32    2.84   -3.16    1.22   -1.52    1.62   -1.64
2022 05 27 22 28 00     3.62   -3.70    2.07   -2.22    1.55   -1.48    2.84   -3.19    1.21   -1.57    1.63   -1.62
2022 05 27 22 30 00     3.70   -3.71    2.17   -2.39    1.53   -1.32    3.10   -3.52    1.37   -1.80    1.73   -1.72
2022 05 27 22 32 00     4.01   -3.89    2.25   -2.38    1.76   -1.52    3.02   -3.58    1.35   -1.86    1.67   -1.71
2022 05 27 22 34 00     4.13   -4.10    2.42   -2.50    1.71   -1.60    3.32   -3.97    1.31   -1.91    2.01   -2.06
2022 05 27 22 36 00     4.45   -4.50    2.65   -2.70    1.80   -1.81    2.93   -3.63    1.29   -1.74    1.64   -1.89
2022 05 27 22 38 00     4.72   -4.57    2.73   -2.74    2.00   -1.83    2.86   -3.29    1.22   -1.55    1.64   -1.74
2022 05 27 22 40 00     4.77   -4.60    2.67   -2.63    2.10   -1.97    3.06   -3.55    1.35   -1.70    1.71   -1.85
2022 05 27 22 42 00     5.08   -5.06    2.88   -2.77    2.20   -2.29    3.15   -3.63    1.32   -1.64    1.84   -1.98
2022 05 27 22 44 00     4.95   -4.85    2.82   -2.65    2.13   -2.20    3.44   -3.86    1.39   -1.70    2.05   -2.16
2022 05 27 22 46 00     4.92   -4.96    2.81   -2.72    2.11   -2.24    3.46   -3.93    1.42   -1.82    2.04   -2.11
2022 05 27 22 48 00     4.90   -4.98    2.75   -2.70    2.15   -2.28    4.05   -4.52    1.91   -2.30    2.14   -2.22
2022 05 27 22 50 00     4.86   -4.94    2.79   -2.71    2.07   -2.23    3.70   -3.82    1.52   -1.64    2.18   -2.18
2022 05 27 22 52 00     4.72   -4.78    2.64   -2.50    2.09   -2.28    3.73   -3.89    1.63   -1.81    2.10   -2.09
2022 05 27 22 54 00     4.74   -4.78    2.76   -2.53    1.98   -2.25    3.68   -3.88    1.57   -1.79    2.11   -2.09
2022 05 27 22 56 00     4.78   -4.68    2.80   -2.49    1.98   -2.18    3.80   -4.08    1.64   -1.95    2.15   -2.12
2022 05 27 22 58 00     4.89   -4.81    2.76   -2.50    2.12   -2.31    3.48   -3.70    1.37   -1.55    2.10   -2.15
2022 05 27 23 00 00     4.66   -4.72    2.55   -2.42    2.11   -2.30    3.74   -4.04    1.42   -1.65    2.31   -2.39
2022 05 27 23 02 00     4.84   -4.98    2.41   -2.43    2.42   -2.55    3.68   -3.92    1.29   -1.60    2.39   -2.32
2022 05 27 23 04 00     5.09   -5.24    2.38   -2.34    2.71   -2.90    3.73   -3.83    1.21   -1.54    2.53   -2.29
2022 05 27 23 06 00     5.64   -5.67    2.67   -2.69    2.97   -2.98    3.60   -3.74    1.13   -1.56    2.47   -2.18
2022 05 27 23 08 00     5.79   -5.76    2.64   -2.73    3.15   -3.03    3.83   -4.16    1.55   -1.95    2.28   -2.21
2022 05 27 23 10 00     6.06   -6.01    2.95   -2.99    3.11   -3.02    3.78   -3.89    1.37   -1.67    2.42   -2.22
2022 05 27 23 12 00     6.18   -6.25    3.02   -3.16    3.16   -3.09    4.18   -4.24    1.43   -1.70    2.76   -2.53
2022 05 27 23 14 00     6.07   -6.17    3.10   -3.26    2.98   -2.91    3.89   -4.12    1.40   -1.79    2.49   -2.33
2022 05 27 23 16 00     5.90   -6.01    2.77   -2.89    3.13   -3.12    4.14   -4.10    1.57   -1.77    2.57   -2.33
2022 05 27 23 18 00     5.81   -6.10    2.59   -2.75    3.22   -3.35    4.37   -4.45    1.67   -2.00    2.70   -2.45
2022 05 27 23 20 00     5.95   -6.26    2.65   -2.88    3.31   -3.38    4.70   -4.84    1.59   -2.00    3.11   -2.84
2022 05 27 23 22 00     6.25   -6.77    2.65   -2.89    3.61   -3.87    4.53   -5.06    1.56   -2.27    2.96   -2.79
2022 05 27 23 24 00     6.22   -6.86    3.00   -3.28    3.23   -3.57    4.55   -5.01    1.59   -2.22    2.96   -2.78
2022 05 27 23 26 00     6.41   -6.73    3.10   -3.32    3.31   -3.41    4.43   -5.01    1.51   -2.31    2.92   -2.70
2022 05 27 23 28 00     6.10   -6.16    2.82   -2.98    3.28   -3.18    4.59   -5.15    1.49   -2.29    3.10   -2.86
2022 05 27 23 30 00     5.56   -5.73    2.77   -3.12    2.79   -2.61    4.82   -5.03    1.86   -2.45    2.96   -2.58
2022 05 27 23 32 00     5.52   -5.59    2.73   -3.05    2.79   -2.54    4.78   -5.03    1.76   -2.28    3.01   -2.75
2022 05 27 23 34 00     5.59   -5.65    2.89   -3.13    2.70   -2.51    4.62   -4.88    1.72   -2.17    2.89   -2.72
2022 05 27 23 36 00     5.47   -5.71    2.96   -3.17    2.51   -2.54    4.54   -5.06    1.80   -2.39    2.74   -2.67
2022 05 27 23 38 00     5.91   -5.83    2.74   -3.02    3.18   -2.81    3.98   -4.31    1.50   -2.23    2.48   -2.07
2022 05 27 23 40 00     5.80   -5.74    2.75   -2.97    3.06   -2.77    4.07   -4.32    1.45   -2.21    2.61   -2.11
2022 05 27 23 42 00     6.25   -6.48    3.22   -3.62    3.03   -2.86    4.37   -4.48    1.59   -2.12    2.79   -2.36
2022 05 27 23 44 00     6.46   -6.53    3.49   -3.67    2.98   -2.87    5.53   -5.85    2.47   -3.18    3.06   -2.67
2022 05 27 23 46 00     6.90   -6.99    3.87   -3.87    3.02   -3.12    5.28   -5.70    2.29   -3.00    2.99   -2.69
2022 05 27 23 48 00     6.49   -6.71    3.74   -3.71    2.76   -3.01    5.59   -5.88    2.64   -3.23    2.95   -2.65
2022 05 27 23 50 00     7.64   -7.75    4.58   -4.43    3.05   -3.32    5.55   -6.22    2.66   -3.50    2.88   -2.72
2022 05 27 23 52 00     7.06   -7.02    4.04   -4.01    3.02   -3.00    5.68   -5.93    2.56   -3.19    3.11   -2.73
2022 05 27 23 54 00     6.78   -6.95    3.88   -4.02    2.90   -2.93    5.84   -5.84    2.75   -3.18    3.08   -2.66
2022 05 27 23 56 00     6.68   -6.74    3.82   -3.78    2.86   -2.96    5.87   -6.12    2.90   -3.36    2.97   -2.76
2022 05 27 23 58 00     6.28   -5.97    3.53   -3.43    2.74   -2.54    5.38   -5.68    2.53   -3.08    2.85   -2.60
2022 05 28 00 00 00     6.53   -6.30    3.59   -3.64    2.94   -2.66    5.55   -5.98    2.56   -3.12    2.99   -2.86
2022 05 28 00 02 00     6.61   -6.66    3.66   -3.97    2.95   -2.68    6.48   -6.70    3.34   -3.82    3.14   -2.89
2022 05 28 00 04 00     6.19   -5.97    3.20   -3.33    2.99   -2.64    7.37   -7.29    4.27   -4.43    3.10   -2.86
2022 05 28 00 06 00     7.16   -6.91    3.83   -3.60    3.33   -3.31    7.11   -7.49    4.28   -4.57    2.82   -2.92
2022 05 28 00 08 00     7.59   -7.13    4.00   -3.39    3.60   -3.74    6.73   -7.02    4.04   -4.36    2.69   -2.66
2022 05 28 00 10 00     7.66   -7.51    4.09   -3.75    3.57   -3.76    6.96   -7.32    4.04   -4.59    2.92   -2.73
2022 05 28 00 12 00     7.75   -7.77    4.02   -4.00    3.73   -3.76    5.82   -6.17    3.36   -3.95    2.46   -2.22
2022 05 28 00 14 00     7.57   -7.82    4.03   -4.02    3.54   -3.80    6.45   -6.84    3.95   -4.51    2.50   -2.33
2022 05 28 00 16 00     7.46   -7.94    4.05   -4.26    3.41   -3.68    6.27   -6.68    3.89   -4.42    2.38   -2.26
2022 05 28 00 18 00     8.00   -8.25    4.60   -4.71    3.39   -3.54    5.62   -6.08    3.46   -4.16    2.17   -1.92
2022 05 28 00 20 00     7.70   -7.89    4.53   -4.37    3.16   -3.52    5.11   -5.66    3.28   -3.95    1.83   -1.71
2022 05 28 00 22 00     8.13   -8.07    4.67   -4.22    3.46   -3.86    6.17   -6.26    3.51   -4.03    2.66   -2.23
2022 05 28 00 24 00     8.42   -8.40    4.77   -4.43    3.65   -3.96    6.21   -6.48    3.33   -4.11    2.89   -2.38
2022 05 28 00 26 00     8.99   -8.71    5.31   -4.81    3.68   -3.90    6.47   -6.64    3.32   -4.05    3.16   -2.59
2022 05 28 00 28 00     8.60   -8.47    5.05   -4.71    3.55   -3.75    6.62   -6.61    3.84   -4.25    2.78   -2.36
2022 05 28 00 30 00     8.90   -8.61    5.23   -5.15    3.67   -3.45    6.61   -6.78    3.80   -4.27    2.81   -2.51
2022 05 28 00 32 00     9.57   -9.47    5.34   -5.56    4.23   -3.91    6.22   -6.41    3.66   -4.27    2.55   -2.14
2022 05 28 00 34 00     8.66   -8.44    5.00   -5.17    3.66   -3.27    6.17   -5.87    3.58   -3.70    2.59   -2.17
2022 05 28 00 36 00     8.19   -8.14    4.58   -4.87    3.61   -3.27    5.98   -5.64    3.40   -3.61    2.58   -2.04
2022 05 28 00 38 00     8.61   -8.54    4.68   -5.03    3.93   -3.51    5.03   -5.14    2.64   -2.90    2.39   -2.24
2022 05 28 00 40 00     8.09   -7.91    4.08   -4.34    4.00   -3.57    4.78   -4.93    2.57   -2.85    2.22   -2.09
2022 05 28 00 42 00     8.40   -7.89    3.99   -4.14    4.41   -3.75    4.51   -4.56    2.18   -2.61    2.33   -1.96
2022 05 28 00 44 00     8.42   -7.82    4.07   -4.26    4.35   -3.56    4.52   -4.30    2.20   -2.51    2.32   -1.79
2022 05 28 00 46 00     8.32   -7.96    4.10   -4.40    4.22   -3.56    4.54   -4.21    2.21   -2.35    2.32   -1.86
2022 05 28 00 48 00     8.33   -7.86    4.14   -4.37    4.19   -3.49    4.02   -3.57    1.89   -2.00    2.13   -1.57
2022 05 28 00 50 00     7.24   -6.89    3.74   -3.94    3.50   -2.95    4.06   -3.62    1.90   -1.78    2.16   -1.84
2022 05 28 00 52 00     6.86   -6.38    3.82   -3.92    3.04   -2.46    4.17   -3.71    1.84   -1.83    2.32   -1.88
2022 05 28 00 54 00     7.40   -6.95    4.02   -4.25    3.39   -2.70    4.11   -3.65    1.63   -1.59    2.48   -2.06
2022 05 28 00 56 00     7.16   -6.85    3.98   -4.28    3.18   -2.56    4.11   -3.90    1.75   -1.66    2.36   -2.24
2022 05 28 00 58 00     7.14   -6.90    4.02   -4.34    3.12   -2.56    3.59   -3.36    1.42   -1.30    2.17   -2.05
2022 05 28 01 00 00     7.09   -6.89    4.05   -4.38    3.04   -2.51    3.48   -3.25    1.40   -1.34    2.09   -1.91
2022 05 28 01 02 00     6.33   -6.60    4.02   -4.56    2.31   -2.04    3.06   -3.24    1.21   -1.37    1.85   -1.87
2022 05 28 01 04 00     5.79   -5.87    3.73   -4.19    2.07   -1.68    3.02   -2.93    1.29   -1.48    1.74   -1.44
2022 05 28 01 06 00     6.14   -6.18    3.91   -4.30    2.22   -1.88    2.33   -2.44    0.80   -0.95    1.53   -1.49
2022 05 28 01 08 00     5.99   -6.18    3.91   -4.49    2.08   -1.69    2.39   -2.62    0.93   -1.18    1.46   -1.44
2022 05 28 01 10 00     5.91   -5.77    3.74   -4.05    2.17   -1.72    2.29   -2.67    0.86   -1.24    1.43   -1.43
2022 05 28 01 12 00     5.37   -5.22    3.37   -3.63    2.01   -1.58    2.50   -2.87    0.83   -1.30    1.67   -1.57
2022 05 28 01 14 00     5.30   -5.04    3.20   -3.41    2.10   -1.63    2.53   -2.81    0.94   -1.37    1.59   -1.43
2022 05 28 01 16 00     4.89   -4.88    2.90   -3.25    1.98   -1.63    2.94   -2.93    1.13   -1.43    1.81   -1.50
2022 05 28 01 18 00     5.12   -4.89    3.15   -3.40    1.97   -1.49    2.69   -2.60    0.88   -1.25    1.80   -1.35
2022 05 28 01 20 00     5.25   -4.96    3.19   -3.48    2.06   -1.48    2.61   -2.44    0.89   -1.30    1.72   -1.14
2022 05 28 01 22 00     5.42   -5.09    2.97   -3.46    2.45   -1.63    2.56   -2.32    0.98   -1.23    1.58   -1.09
2022 05 28 01 24 00     5.39   -5.33    3.15   -3.73    2.24   -1.60    2.86   -2.73    1.31   -1.57    1.55   -1.16
2022 05 28 01 26 00     5.05   -4.90    2.91   -3.47    2.14   -1.43    2.87   -2.87    1.34   -1.67    1.53   -1.20
2022 05 28 01 28 00     4.71   -4.49    2.83   -3.23    1.88   -1.26    2.67   -2.94    1.28   -1.56    1.39   -1.38
2022 05 28 01 30 00     4.49   -4.24    2.64   -3.02    1.85   -1.21    2.49   -2.73    1.19   -1.49    1.29   -1.24
2022 05 28 01 32 00     4.34   -4.28    2.56   -2.94    1.78   -1.33    2.79   -2.79    1.40   -1.61    1.39   -1.19
2022 05 28 01 34 00     4.48   -4.49    2.79   -3.15    1.69   -1.34    2.75   -2.74    1.26   -1.54    1.49   -1.20
2022 05 28 01 36 00     4.22   -4.22    2.54   -2.85    1.67   -1.36    2.82   -2.77    1.34   -1.49    1.48   -1.28
2022 05 28 01 38 00     3.78   -3.60    2.37   -2.51    1.41   -1.09    2.67   -2.74    1.34   -1.53    1.32   -1.20
2022 05 28 01 40 00     3.67   -3.47    2.20   -2.30    1.48   -1.17    2.78   -2.63    1.32   -1.37    1.46   -1.25
2022 05 28 01 42 00     3.55   -3.27    2.13   -2.19    1.43   -1.08    2.46   -2.41    1.06   -1.10    1.40   -1.31
2022 05 28 01 44 00     3.43   -3.10    2.22   -2.13    1.21   -0.98    2.24   -2.19    0.98   -1.18    1.26   -1.01
2022 05 28 01 46 00     3.64   -3.33    2.33   -2.19    1.31   -1.14    2.11   -2.09    0.94   -1.21    1.17   -0.88
2022 05 28 01 48 00     3.54   -3.15    2.18   -2.08    1.36   -1.08    1.88   -1.76    0.84   -1.03    1.04   -0.73
2022 05 28 01 50 00     3.51   -3.19    2.21   -2.12    1.30   -1.06    2.23   -1.98    1.19   -1.21    1.04   -0.77
2022 05 28 01 52 00     2.98   -2.98    1.96   -1.99    1.02   -0.99    1.89   -1.82    0.92   -1.10    0.97   -0.72
2022 05 28 01 54 00     2.90   -2.92    1.95   -1.97    0.95   -0.96    1.84   -1.91    1.02   -1.21    0.83   -0.70
2022 05 28 01 56 00     2.93   -2.81    1.94   -1.86    1.00   -0.95    1.88   -1.96    1.12   -1.36    0.75   -0.60
2022 05 28 01 58 00     3.30   -3.12    2.18   -2.11    1.12   -1.01    2.10   -1.99    1.25   -1.28    0.85   -0.71
2022 05 28 02 00 00     3.29   -3.01    2.24   -2.14    1.05   -0.87    1.75   -1.62    0.93   -0.94    0.82   -0.67
2022 05 28 02 02 00     3.27   -3.04    2.14   -2.07    1.13   -0.97    1.77   -1.71    0.91   -0.97    0.86   -0.74
2022 05 28 02 04 00     3.22   -2.89    2.14   -2.05    1.08   -0.84    2.06   -1.97    0.92   -1.17    1.15   -0.80
2022 05 28 02 06 00     3.33   -3.09    2.34   -2.24    0.98   -0.85    1.87   -1.83    0.97   -1.12    0.90   -0.71
2022 05 28 02 08 00     3.20   -3.03    2.15   -2.10    1.05   -0.93    1.86   -2.13    0.92   -1.32    0.94   -0.81
2022 05 28 02 10 00     3.75   -3.48    2.29   -2.36    1.46   -1.13    2.20   -2.22    1.22   -1.48    0.98   -0.74
2022 05 28 02 12 00     3.51   -3.30    2.15   -2.31    1.35   -0.99    2.40   -2.12    1.25   -1.30    1.15   -0.81
2022 05 28 02 14 00     3.55   -3.53    2.36   -2.45    1.20   -1.08    2.84   -2.56    1.64   -1.68    1.19   -0.87
2022 05 28 02 16 00     3.81   -3.72    2.28   -2.36    1.52   -1.36    2.62   -2.40    1.32   -1.35    1.29   -1.05
2022 05 28 02 18 00     3.87   -3.80    2.20   -2.23    1.67   -1.56    2.68   -2.52    1.41   -1.46    1.27   -1.06
2022 05 28 02 20 00     3.88   -3.77    2.31   -2.20    1.57   -1.57    2.78   -2.55    1.49   -1.55    1.29   -1.00
2022 05 28 02 22 00     3.63   -3.60    2.24   -2.23    1.38   -1.38    2.98   -2.83    1.56   -1.76    1.42   -1.07
2022 05 28 02 24 00     3.93   -3.75    2.42   -2.54    1.51   -1.21    2.97   -2.80    1.60   -1.84    1.37   -0.95
2022 05 28 02 26 00     4.07   -3.85    2.40   -2.37    1.67   -1.48    2.93   -2.83    1.70   -1.90    1.23   -0.94
2022 05 28 02 28 00     4.51   -3.92    2.50   -2.30    2.01   -1.62    3.21   -3.06    1.74   -1.86    1.47   -1.20
2022 05 28 02 30 00     4.03   -3.74    2.33   -2.24    1.70   -1.50    3.17   -2.88    1.73   -1.70    1.44   -1.19
2022 05 28 02 32 00     4.32   -3.99    2.36   -2.30    1.96   -1.69    3.06   -2.87    1.76   -1.69    1.30   -1.18
2022 05 28 02 34 00     4.10   -3.94    2.29   -2.36    1.81   -1.58    3.19   -2.98    1.71   -1.74    1.48   -1.24
2022 05 28 02 36 00     3.77   -3.69    2.27   -2.37    1.50   -1.32    3.01   -2.86    1.65   -1.82    1.37   -1.04
2022 05 28 02 38 00     3.82   -3.73    2.29   -2.31    1.52   -1.42    3.27   -3.22    1.98   -2.20    1.29   -1.03
2022 05 28 02 40 00     3.79   -3.89    2.38   -2.54    1.41   -1.35    2.67   -2.64    1.51   -1.69    1.16   -0.95
2022 05 28 02 42 00     3.52   -3.54    2.16   -2.11    1.36   -1.43    2.65   -3.02    1.53   -1.82    1.11   -1.20
2022 05 28 02 44 00     3.99   -4.19    2.39   -2.48    1.60   -1.71    2.54   -2.74    1.44   -1.63    1.09   -1.11
2022 05 28 02 46 00     3.92   -3.76    2.32   -2.30    1.60   -1.46    2.77   -3.02    1.63   -1.83    1.14   -1.19
2022 05 28 02 48 00     3.87   -3.59    2.41   -2.23    1.46   -1.36    2.66   -2.73    1.45   -1.60    1.21   -1.12
2022 05 28 02 50 00     3.93   -3.80    2.40   -2.35    1.53   -1.45    2.51   -2.44    1.27   -1.46    1.24   -0.98
2022 05 28 02 52 00     3.98   -3.90    2.52   -2.46    1.46   -1.44    2.72   -2.71    1.29   -1.52    1.43   -1.19
2022 05 28 02 54 00     4.13   -4.10    2.64   -2.62    1.49   -1.47    2.73   -2.73    1.28   -1.53    1.46   -1.20
2022 05 28 02 56 00     4.27   -4.36    2.80   -2.80    1.47   -1.56    3.15   -3.04    1.55   -1.67    1.60   -1.36
2022 05 28 02 58 00     4.84   -4.66    3.15   -2.99    1.69   -1.67    2.78   -2.95    1.10   -1.23    1.68   -1.72
2022 05 28 03 00 00     5.18   -5.09    2.93   -2.93    2.26   -2.15    3.13   -3.11    1.20   -1.16    1.93   -1.95
2022 05 28 03 02 00     5.54   -5.34    2.65   -2.78    2.89   -2.56    3.66   -3.68    1.30   -1.28    2.36   -2.40
2022 05 28 03 04 00     5.19   -4.79    2.34   -2.54    2.84   -2.25    3.49   -3.45    1.33   -1.40    2.17   -2.05
2022 05 28 03 06 00     4.94   -4.62    2.39   -2.45    2.55   -2.16    3.70   -3.52    1.53   -1.53    2.16   -1.99
2022 05 28 03 08 00     5.06   -4.95    2.46   -2.69    2.60   -2.26    3.36   -3.16    1.41   -1.37    1.95   -1.80
2022 05 28 03 10 00     4.65   -4.55    2.46   -2.56    2.20   -1.99    3.40   -3.29    1.54   -1.53    1.86   -1.76
2022 05 28 03 12 00     4.53   -4.51    2.41   -2.48    2.12   -2.04    3.27   -3.23    1.53   -1.51    1.74   -1.72
2022 05 28 03 14 00     4.23   -4.41    2.38   -2.45    1.85   -1.95    3.03   -2.99    1.41   -1.30    1.62   -1.69
2022 05 28 03 16 00     4.44   -4.38    2.65   -2.56    1.78   -1.81    3.30   -3.03    1.51   -1.21    1.79   -1.82
2022 05 28 03 18 00     4.35   -4.23    2.65   -2.48    1.70   -1.74    3.54   -3.48    1.63   -1.43    1.91   -2.05
2022 05 28 03 20 00     4.50   -4.51    2.87   -2.96    1.63   -1.55    3.84   -3.55    1.80   -1.44    2.04   -2.10
2022 05 28 03 22 00     4.71   -4.58    2.95   -2.95    1.76   -1.63    3.73   -3.66    1.90   -1.85    1.83   -1.81
2022 05 28 03 24 00     5.25   -5.07    3.29   -3.22    1.95   -1.85    3.80   -3.62    1.89   -1.82    1.91   -1.80
2022 05 28 03 26 00     5.73   -5.56    3.56   -3.55    2.16   -2.01    4.04   -3.88    1.90   -1.93    2.14   -1.95
2022 05 28 03 28 00     5.54   -5.38    3.60   -3.50    1.94   -1.88    4.42   -4.22    2.09   -2.13    2.34   -2.09
2022 05 28 03 30 00     6.00   -5.72    3.75   -3.68    2.25   -2.04    5.17   -5.09    2.64   -2.80    2.52   -2.29
2022 05 28 03 32 00     6.30   -5.99    3.81   -3.88    2.49   -2.11    5.11   -5.06    2.63   -2.85    2.48   -2.21
2022 05 28 03 34 00     6.08   -5.73    3.33   -3.44    2.76   -2.29    5.10   -5.06    2.20   -2.43    2.90   -2.63
2022 05 28 03 36 00     6.16   -5.82    3.24   -3.29    2.92   -2.53    5.89   -5.41    2.08   -2.34    3.80   -3.07
2022 05 28 03 38 00     5.99   -5.42    3.05   -3.06    2.94   -2.36    5.95   -5.31    1.94   -2.03    4.01   -3.28
2022 05 28 03 40 00     6.18   -5.73    2.92   -2.98    3.26   -2.76    6.45   -6.02    2.27   -2.51    4.17   -3.51
2022 05 28 03 42 00     5.95   -5.42    2.91   -2.86    3.04   -2.55    6.75   -6.29    2.30   -2.46    4.44   -3.84
2022 05 28 03 44 00     5.69   -5.32    3.07   -3.14    2.62   -2.17    6.92   -6.49    2.48   -2.56    4.45   -3.93
2022 05 28 03 46 00     5.93   -5.73    3.08   -3.27    2.85   -2.46    6.86   -6.68    2.51   -2.64    4.35   -4.03
2022 05 28 03 48 00     6.86   -6.77    3.44   -3.66    3.42   -3.11    7.53   -7.57    2.69   -3.06    4.84   -4.51
2022 05 28 03 50 00     6.78   -6.44    3.40   -3.65    3.38   -2.79    7.32   -7.05    2.33   -2.70    4.99   -4.35
2022 05 28 03 52 00     6.88   -6.77    3.56   -3.84    3.31   -2.93    7.81   -7.49    2.87   -3.19    4.93   -4.30
2022 05 28 03 54 00     7.78   -7.98    3.78   -4.10    4.01   -3.87    7.66   -7.31    3.11   -3.30    4.54   -4.01
2022 05 28 03 56 00     7.47   -7.72    3.79   -3.97    3.68   -3.75    7.49   -7.05    2.84   -3.17    4.65   -3.88
2022 05 28 03 58 00     7.50   -7.79    3.80   -3.99    3.70   -3.80    7.43   -7.37    3.16   -3.51    4.27   -3.86
2022 05 28 04 00 00     7.26   -7.44    4.09   -4.40    3.18   -3.04    7.25   -7.10    3.13   -3.56    4.12   -3.54
2022 05 28 04 02 00     7.43   -7.67    3.74   -4.05    3.69   -3.62    6.57   -6.29    2.71   -3.12    3.86   -3.17
2022 05 28 04 04 00     7.20   -7.38    3.53   -3.93    3.68   -3.46    6.86   -6.23    2.79   -3.14    4.06   -3.10
2022 05 28 04 06 00     7.13   -7.23    3.84   -4.23    3.29   -3.00    6.90   -6.38    2.92   -3.40    3.97   -2.98
2022 05 28 04 08 00     7.53   -7.37    4.01   -4.31    3.52   -3.06    6.54   -6.15    2.78   -3.38    3.76   -2.77
2022 05 28 04 10 00     7.95   -7.80    4.51   -5.19    3.44   -2.61    7.03   -6.52    3.48   -3.89    3.55   -2.63
2022 05 28 04 12 00     7.48   -7.57    4.62   -5.41    2.86   -2.16    6.45   -6.18    3.16   -3.92    3.30   -2.25
2022 05 28 04 14 00     8.05   -8.03    4.91   -5.58    3.14   -2.44    6.51   -6.28    3.31   -4.29    3.20   -2.00
2022 05 28 04 16 00     7.88   -7.99    4.92   -5.78    2.95   -2.20    6.45   -6.23    3.18   -4.03    3.27   -2.20
2022 05 28 04 18 00     7.50   -7.61    4.73   -5.38    2.77   -2.22    6.21   -6.27    3.08   -4.11    3.12   -2.15
2022 05 28 04 20 00     6.91   -6.95    4.43   -5.10    2.48   -1.85    5.66   -5.56    2.54   -3.51    3.12   -2.05
2022 05 28 04 22 00     6.64   -7.25    4.61   -5.30    2.03   -1.94    5.42   -5.57    2.49   -3.88    2.92   -1.69
2022 05 28 04 24 00     6.64   -6.88    4.28   -5.07    2.36   -1.81    5.70   -5.63    2.55   -3.77    3.15   -1.86
2022 05 28 04 26 00     6.86   -7.04    4.24   -5.10    2.63   -1.93    5.21   -5.31    2.24   -3.55    2.97   -1.76
2022 05 28 04 28 00     6.86   -6.98    4.35   -5.12    2.51   -1.87    5.30   -5.40    2.12   -3.43    3.18   -1.97
2022 05 28 04 30 00     6.82   -7.00    4.36   -5.20    2.45   -1.80    4.69   -4.84    1.82   -3.03    2.87   -1.81
2022 05 28 04 32 00     6.89   -6.88    4.35   -5.13    2.54   -1.75    4.40   -4.65    1.72   -3.08    2.68   -1.57
2022 05 28 04 34 00     6.89   -6.93    4.37   -5.10    2.52   -1.83    4.28   -4.69    1.71   -3.08    2.57   -1.62
2022 05 28 04 36 00     6.80   -6.87    4.52   -5.08    2.28   -1.79    4.45   -4.54    1.66   -3.01    2.79   -1.53
2022 05 28 04 38 00     6.22   -6.32    4.14   -4.61    2.08   -1.70    4.48   -4.56    1.70   -2.95    2.78   -1.61
2022 05 28 04 40 00     6.55   -6.56    4.37   -4.83    2.19   -1.73    4.20   -4.16    1.58   -2.69    2.62   -1.47
2022 05 28 04 42 00     5.91   -6.02    3.88   -4.36    2.02   -1.66    4.16   -4.27    1.70   -2.76    2.46   -1.50
2022 05 28 04 44 00     5.95   -6.01    3.90   -4.34    2.05   -1.67    4.26   -4.25    1.91   -2.84    2.35   -1.40
2022 05 28 04 46 00     5.98   -5.85    4.04   -4.42    1.94   -1.43    4.33   -4.32    1.94   -2.92    2.39   -1.40
2022 05 28 04 48 00     6.19   -6.14    4.07   -4.61    2.12   -1.53    4.26   -4.22    1.94   -2.97    2.31   -1.25
2022 05 28 04 50 00     5.86   -5.76    3.88   -4.35    1.97   -1.41    4.40   -4.32    1.98   -3.03    2.42   -1.29
2022 05 28 04 52 00     5.52   -5.68    3.58   -4.22    1.94   -1.46    4.15   -3.96    1.79   -2.81    2.37   -1.15
2022 05 28 04 54 00     5.67   -5.62    3.72   -4.20    1.94   -1.42    3.90   -3.79    1.61   -2.61    2.29   -1.17
2022 05 28 04 56 00     5.41   -5.47    3.71   -4.11    1.70   -1.36    3.97   -3.76    1.68   -2.63    2.30   -1.13
2022 05 28 04 58 00     5.54   -5.61    3.89   -4.17    1.65   -1.44    3.74   -3.74    1.70   -2.63    2.04   -1.11
2022 05 28 05 00 00     5.82   -5.89    3.87   -4.14    1.95   -1.75    3.98   -3.75    1.93   -2.70    2.04   -1.05
2022 05 28 05 02 00     6.06   -6.01    3.99   -4.27    2.07   -1.74    3.95   -3.83    1.91   -2.69    2.03   -1.14
2022 05 28 05 04 00     5.87   -5.88    3.78   -4.23    2.09   -1.65    3.85   -3.67    1.75   -2.56    2.10   -1.11
2022 05 28 05 06 00     6.05   -5.95    3.79   -4.28    2.26   -1.66    4.10   -3.90    1.81   -2.64    2.29   -1.26
2022 05 28 05 08 00     6.34   -6.07    3.90   -4.20    2.44   -1.86    4.21   -4.07    1.84   -2.78    2.37   -1.29
2022 05 28 05 10 00     6.36   -6.00    3.80   -4.08    2.56   -1.92    4.53   -4.52    2.07   -3.11    2.46   -1.41
2022 05 28 05 12 00     6.55   -6.36    3.78   -4.13    2.77   -2.23    4.52   -4.68    1.99   -3.11    2.53   -1.57
2022 05 28 05 14 00     6.46   -6.29    3.78   -4.25    2.68   -2.04    4.33   -4.50    1.78   -2.87    2.55   -1.63
2022 05 28 05 16 00     6.52   -6.18    3.80   -4.17    2.72   -2.01    4.41   -4.54    2.07   -3.09    2.34   -1.44
2022 05 28 05 18 00     6.89   -6.54    3.70   -4.14    3.19   -2.39    4.59   -4.72    2.06   -2.98    2.53   -1.74
2022 05 28 05 20 00     7.06   -6.64    3.88   -4.22    3.19   -2.43    4.89   -4.95    2.08   -3.02    2.81   -1.92
2022 05 28 05 22 00     7.12   -6.66    3.74   -4.07    3.38   -2.59    5.31   -5.35    2.07   -3.05    3.23   -2.30
2022 05 28 05 24 00     7.48   -7.35    3.83   -4.41    3.65   -2.94    5.72   -5.55    2.09   -3.03    3.63   -2.52
2022 05 28 05 26 00     7.90   -7.81    4.22   -4.58    3.68   -3.23    5.77   -5.83    2.14   -3.10    3.63   -2.73
2022 05 28 05 28 00     7.99   -7.76    4.03   -4.52    3.96   -3.24    5.94   -5.88    2.16   -3.19    3.78   -2.69
2022 05 28 05 30 00     8.60   -8.44    4.10   -4.57    4.49   -3.86    6.37   -6.04    2.40   -3.31    3.97   -2.73
2022 05 28 05 32 00     8.37   -8.06    3.97   -4.48    4.40   -3.58    6.59   -6.30    2.46   -3.40    4.13   -2.91
2022 05 28 05 34 00     8.31   -8.20    4.15   -4.82    4.16   -3.38    7.92   -7.56    3.52   -4.30    4.39   -3.26
2022 05 28 05 36 00     8.22   -8.19    4.11   -4.71    4.11   -3.48    8.48   -8.08    3.92   -4.85    4.56   -3.23
2022 05 28 05 38 00     9.07   -9.23    4.82   -5.35    4.25   -3.88    7.93   -7.59    3.35   -4.32    4.59   -3.27
2022 05 28 05 40 00     8.71   -9.09    4.92   -5.26    3.79   -3.82    7.58   -7.05    3.28   -4.15    4.31   -2.90
2022 05 28 05 42 00     9.69   -9.81    5.57   -5.72    4.12   -4.10    7.25   -6.75    2.88   -3.67    4.38   -3.08
2022 05 28 05 44 00     9.25   -9.22    5.48   -5.63    3.77   -3.60    6.98   -6.30    2.79   -3.34    4.19   -2.96
2022 05 28 05 46 00     8.67   -8.56    5.52   -5.52    3.15   -3.04    7.19   -6.80    3.03   -3.70    4.16   -3.10
2022 05 28 05 48 00     9.18   -8.93    5.76   -5.66    3.41   -3.27    7.02   -6.74    3.03   -3.63    3.99   -3.11
2022 05 28 05 50 00     9.26   -9.17    5.85   -5.79    3.40   -3.37    7.29   -6.75    3.37   -3.75    3.92   -3.00
2022 05 28 05 52 00     9.25   -9.18    5.70   -5.66    3.55   -3.52    6.46   -6.13    2.83   -2.99    3.63   -3.14
2022 05 28 05 54 00     8.24   -8.29    5.45   -5.35    2.78   -2.95    6.98   -6.76    3.28   -3.47    3.71   -3.29
2022 05 28 05 56 00     8.10   -8.15    5.41   -5.22    2.69   -2.93    7.34   -6.97    3.54   -3.58    3.81   -3.39
2022 05 28 05 58 00     8.40   -8.60    5.54   -5.31    2.86   -3.29    6.70   -6.20    3.29   -3.25    3.41   -2.94
2022 05 28 06 00 00     7.63   -8.13    5.06   -4.80    2.57   -3.34    6.19   -5.66    2.91   -2.56    3.28   -3.10
2022 05 28 06 02 00     7.60   -8.18    4.91   -4.61    2.69   -3.57    6.81   -6.26    3.33   -2.95    3.48   -3.31
2022 05 28 06 04 00     6.99   -7.92    4.63   -4.57    2.37   -3.35    6.71   -6.00    3.20   -2.63    3.52   -3.38
2022 05 28 06 06 00     7.43   -7.82    4.47   -4.28    2.97   -3.54    6.81   -6.16    3.10   -2.81    3.71   -3.35
2022 05 28 06 08 00     7.81   -7.86    5.05   -4.59    2.76   -3.27    6.71   -6.28    3.06   -2.80    3.65   -3.48
2022 05 28 06 10 00     7.45   -7.66    4.83   -4.38    2.62   -3.28    5.93   -5.53    2.69   -2.71    3.23   -2.82
2022 05 28 06 12 00     7.03   -7.50    4.65   -4.39    2.38   -3.11    5.90   -5.84    2.41   -3.12    3.49   -2.72
2022 05 28 06 14 00     7.43   -7.70    4.79   -4.55    2.63   -3.15    5.65   -5.34    2.39   -3.12    3.26   -2.22
2022 05 28 06 16 00     7.54   -7.56    4.65   -4.48    2.89   -3.08    5.59   -5.80    2.23   -3.32    3.37   -2.48
2022 05 28 06 18 00     7.41   -7.30    5.01   -4.78    2.40   -2.52    6.01   -6.09    2.29   -3.37    3.73   -2.71
2022 05 28 06 20 00     7.38   -6.95    4.97   -4.78    2.41   -2.17    5.87   -5.62    2.05   -2.89    3.82   -2.73
2022 05 28 06 22 00     7.06   -6.78    5.10   -4.85    1.96   -1.93    5.66   -5.52    1.97   -2.98    3.69   -2.54
2022 05 28 06 24 00     6.87   -6.37    4.76   -4.52    2.11   -1.84    5.75   -5.60    2.01   -3.07    3.75   -2.52
2022 05 28 06 26 00     7.36   -7.10    4.95   -5.03    2.41   -2.07    5.98   -5.97    2.26   -3.42    3.71   -2.55
2022 05 28 06 28 00     7.34   -6.84    4.92   -4.98    2.42   -1.86    5.53   -5.56    2.12   -3.37    3.41   -2.20
2022 05 28 06 30 00     7.26   -6.98    4.89   -5.00    2.37   -1.98    5.72   -5.62    2.20   -3.46    3.52   -2.16
2022 05 28 06 32 00     6.87   -6.44    4.53   -4.55    2.33   -1.88    5.50   -5.51    2.22   -3.44    3.28   -2.08
2022 05 28 06 34 00     6.80   -6.49    4.52   -4.65    2.28   -1.84    5.42   -5.36    2.18   -3.51    3.23   -1.84
2022 05 28 06 36 00     6.76   -6.74    4.33   -4.82    2.42   -1.91    5.49   -5.46    2.22   -3.60    3.27   -1.86
2022 05 28 06 38 00     6.57   -6.44    4.14   -4.58    2.43   -1.86    5.64   -5.55    2.39   -3.76    3.25   -1.79
2022 05 28 06 40 00     6.43   -6.28    4.02   -4.54    2.40   -1.74    5.50   -5.38    2.30   -3.59    3.20   -1.79
2022 05 28 06 42 00     6.44   -6.26    4.01   -4.47    2.43   -1.79    5.15   -5.04    2.11   -3.32    3.04   -1.73
2022 05 28 06 44 00     6.02   -5.73    3.67   -4.05    2.35   -1.69    4.82   -4.61    1.77   -3.03    3.05   -1.58
2022 05 28 06 46 00     6.03   -6.00    3.74   -4.29    2.29   -1.71    4.45   -4.37    1.56   -2.80    2.90   -1.56
2022 05 28 06 48 00     6.21   -6.01    3.89   -4.30    2.32   -1.71    4.35   -4.12    1.62   -2.72    2.73   -1.41
2022 05 28 06 50 00     6.01   -6.05    3.84   -4.39    2.17   -1.66    4.79   -4.80    1.96   -3.34    2.83   -1.46
2022 05 28 06 52 00     5.95   -6.01    3.87   -4.44    2.08   -1.57    4.98   -4.93    2.20   -3.50    2.78   -1.43
2022 05 28 06 54 00     5.78   -5.92    3.73   -4.33    2.06   -1.60    4.83   -4.87    2.08   -3.43    2.76   -1.44
2022 05 28 06 56 00     5.56   -5.44    3.49   -3.95    2.06   -1.49    4.49   -4.41    1.99   -3.24    2.50   -1.16
2022 05 28 06 58 00     5.62   -5.39    3.47   -3.78    2.15   -1.61    4.61   -4.49    1.88   -3.05    2.73   -1.44
2022 05 28 07 00 00     5.83   -5.60    3.51   -3.89    2.32   -1.71    4.67   -4.80    2.02   -3.24    2.64   -1.56
2022 05 28 07 02 00     5.91   -5.50    3.77   -3.85    2.13   -1.65    4.77   -4.73    1.97   -3.19    2.79   -1.53
2022 05 28 07 04 00     5.74   -5.36    3.75   -3.90    2.00   -1.46    4.63   -4.89    2.11   -3.42    2.52   -1.47
2022 05 28 07 06 00     5.72   -5.39    3.59   -3.89    2.13   -1.51    4.74   -4.98    2.16   -3.54    2.58   -1.45
2022 05 28 07 08 00     5.91   -5.87    3.83   -4.12    2.08   -1.76    4.28   -4.46    1.74   -3.05    2.54   -1.41
2022 05 28 07 10 00     6.18   -5.84    4.04   -4.17    2.13   -1.68    4.33   -4.46    1.73   -3.04    2.60   -1.43
2022 05 28 07 12 00     6.55   -6.18    4.32   -4.26    2.23   -1.92    4.31   -4.57    1.95   -3.20    2.36   -1.37
2022 05 28 07 14 00     6.36   -6.07    4.27   -4.29    2.09   -1.78    4.35   -4.51    1.93   -3.19    2.43   -1.33
2022 05 28 07 16 00     6.18   -6.03    4.08   -4.19    2.10   -1.84    4.53   -4.48    1.93   -3.05    2.60   -1.43
2022 05 28 07 18 00     6.26   -6.29    4.29   -4.53    1.97   -1.76    4.38   -4.32    1.78   -2.91    2.60   -1.41
2022 05 28 07 20 00     5.84   -5.84    3.91   -4.22    1.92   -1.62    4.26   -4.00    1.72   -2.55    2.55   -1.45
2022 05 28 07 22 00     5.56   -5.37    3.56   -3.74    2.01   -1.63    4.13   -3.89    1.42   -2.16    2.71   -1.73
2022 05 28 07 24 00     5.95   -5.40    3.35   -3.34    2.60   -2.07    4.30   -3.95    1.26   -2.10    3.04   -1.85
2022 05 28 07 26 00     5.75   -5.68    2.94   -3.15    2.82   -2.53    4.19   -4.12    1.29   -2.18    2.90   -1.94
2022 05 28 07 28 00     5.46   -5.41    2.64   -2.93    2.82   -2.48    4.26   -4.35    1.50   -2.36    2.76   -1.99
2022 05 28 07 30 00     5.32   -5.26    2.51   -2.82    2.81   -2.44    3.93   -4.01    1.36   -2.28    2.57   -1.73
2022 05 28 07 32 00     5.49   -5.59    2.57   -3.04    2.93   -2.54    3.42   -3.09    1.12   -1.73    2.30   -1.36
2022 05 28 07 34 00     5.22   -4.82    2.76   -3.03    2.46   -1.79    3.52   -3.11    1.31   -1.76    2.20   -1.35
2022 05 28 07 36 00     5.07   -4.68    2.93   -3.12    2.14   -1.56    3.71   -3.40    1.38   -1.79    2.33   -1.61
2022 05 28 07 38 00     4.80   -4.63    2.98   -3.12    1.82   -1.52    3.41   -2.99    1.15   -1.48    2.26   -1.50
2022 05 28 07 40 00     5.08   -5.03    2.95   -3.20    2.14   -1.83    3.25   -2.96    1.10   -1.45    2.15   -1.51
2022 05 28 07 42 00     5.31   -5.16    2.80   -2.99    2.51   -2.17    3.09   -2.61    1.01   -1.12    2.08   -1.49
2022 05 28 07 44 00     5.25   -5.16    2.95   -3.02    2.30   -2.14    2.96   -2.46    0.88   -0.92    2.08   -1.54
2022 05 28 07 46 00     5.09   -5.06    2.94   -3.05    2.16   -2.00    2.78   -2.35    0.88   -0.83    1.90   -1.52
2022 05 28 07 48 00     5.16   -5.04    2.91   -3.04    2.25   -1.99    2.94   -2.47    0.98   -1.06    1.97   -1.41
2022 05 28 07 50 00     4.40   -4.11    2.73   -2.78    1.67   -1.33    2.84   -2.42    0.90   -0.92    1.94   -1.49
2022 05 28 07 52 00     4.17   -4.01    2.68   -2.73    1.49   -1.28    2.59   -2.20    0.97   -0.95    1.62   -1.25
2022 05 28 07 54 00     4.20   -3.96    2.79   -2.69    1.41   -1.26    2.37   -2.11    0.89   -0.88    1.48   -1.23
2022 05 28 07 56 00     4.13   -3.84    2.65   -2.55    1.48   -1.29    2.38   -2.23    0.99   -0.94    1.39   -1.29
2022 05 28 07 58 00     4.21   -4.02    2.74   -2.65    1.47   -1.37    2.55   -2.40    1.04   -1.08    1.50   -1.32
2022 05 28 08 00 00     4.25   -3.95    2.78   -2.56    1.47   -1.39    2.64   -2.34    0.93   -0.98    1.71   -1.36
2022 05 28 08 02 00     3.90   -3.69    2.52   -2.32    1.38   -1.37    2.46   -2.12    0.72   -0.77    1.74   -1.36
2022 05 28 08 04 00     3.95   -3.77    2.42   -2.36    1.53   -1.41    2.36   -2.03    0.68   -0.74    1.69   -1.29
2022 05 28 08 06 00     3.81   -3.66    2.45   -2.38    1.36   -1.29    2.01   -1.97    0.62   -0.75    1.39   -1.22
2022 05 28 08 08 00     3.72   -3.41    2.42   -2.23    1.30   -1.18    2.17   -1.98    0.75   -0.90    1.43   -1.09
2022 05 28 08 10 00     3.70   -3.48    2.58   -2.45    1.12   -1.03    2.06   -1.99    0.83   -1.04    1.23   -0.95
2022 05 28 08 12 00     3.74   -3.46    2.62   -2.42    1.13   -1.03    2.21   -2.01    0.86   -1.06    1.35   -0.95
2022 05 28 08 14 00     3.45   -3.00    2.57   -2.17    0.88   -0.84    2.22   -1.87    0.85   -1.07    1.36   -0.80
2022 05 28 08 16 00     3.35   -2.84    2.45   -2.12    0.89   -0.72    2.32   -2.17    0.95   -1.32    1.38   -0.85
2022 05 28 08 18 00     3.31   -2.78    2.36   -2.01    0.96   -0.77    2.63   -2.46    1.24   -1.73    1.39   -0.73
2022 05 28 08 20 00     3.64   -2.91    2.57   -2.23    1.07   -0.68    2.79   -2.79    1.49   -1.96    1.30   -0.83
2022 05 28 08 22 00     4.24   -3.82    3.31   -3.12    0.93   -0.70    2.99   -2.98    1.43   -2.00    1.56   -0.98
2022 05 28 08 24 00     4.41   -4.02    3.35   -3.15    1.06   -0.87    3.31   -3.21    1.67   -2.18    1.65   -1.03
2022 05 28 08 26 00     4.76   -4.26    3.47   -3.24    1.30   -1.02    3.14   -3.23    1.63   -2.27    1.51   -0.96
2022 05 28 08 28 00     4.78   -4.49    3.64   -3.53    1.14   -0.96    3.16   -3.02    1.67   -2.16    1.48   -0.85
2022 05 28 08 30 00     4.61   -4.16    3.25   -3.13    1.36   -1.03    3.23   -3.01    1.75   -2.11    1.47   -0.90
2022 05 28 08 32 00     4.46   -4.04    3.07   -2.97    1.39   -1.07    3.24   -3.25    1.55   -2.01    1.69   -1.24
2022 05 28 08 34 00     4.99   -4.60    3.35   -3.20    1.64   -1.40    2.87   -2.75    1.38   -1.80    1.49   -0.94
2022 05 28 08 36 00     5.04   -4.81    3.35   -3.19    1.69   -1.62    3.34   -3.39    1.57   -2.10    1.77   -1.30
2022 05 28 08 38 00     4.99   -4.60    3.29   -3.02    1.70   -1.59    3.44   -3.47    1.61   -2.10    1.83   -1.38
2022 05 28 08 40 00     5.35   -4.93    3.41   -3.27    1.93   -1.66    3.57   -3.56    1.47   -2.01    2.10   -1.55
2022 05 28 08 42 00     5.35   -4.90    3.52   -3.35    1.83   -1.55    3.59   -3.76    1.63   -2.25    1.96   -1.51
2022 05 28 08 44 00     5.53   -4.91    3.70   -3.49    1.82   -1.42    3.75   -3.84    1.67   -2.21    2.08   -1.63
2022 05 28 08 46 00     5.29   -4.65    3.65   -3.43    1.64   -1.22    3.70   -3.64    1.59   -2.07    2.11   -1.57
2022 05 28 08 48 00     5.41   -4.74    3.59   -3.31    1.82   -1.42    3.61   -3.51    1.63   -2.13    1.98   -1.38
2022 05 28 08 50 00     5.73   -5.09    3.84   -3.51    1.88   -1.58    3.56   -3.50    1.43   -2.01    2.13   -1.48
2022 05 28 08 52 00     5.93   -5.34    3.75   -3.49    2.18   -1.85    3.54   -3.56    1.42   -2.16    2.11   -1.40
2022 05 28 08 54 00     6.04   -5.34    3.70   -3.48    2.34   -1.87    3.59   -3.51    1.45   -2.05    2.14   -1.46
2022 05 28 08 56 00     5.85   -5.16    3.65   -3.46    2.20   -1.70    3.80   -3.49    1.56   -1.89    2.24   -1.61
2022 05 28 08 58 00     6.09   -5.47    3.67   -3.42    2.42   -2.05    4.22   -4.11    1.53   -2.09    2.69   -2.02
2022 05 28 09 00 00     5.82   -5.46    3.52   -3.45    2.30   -2.01    3.99   -3.77    1.69   -2.12    2.29   -1.65
2022 05 28 09 02 00     5.75   -5.24    3.60   -3.37    2.14   -1.88    4.12   -3.99    1.75   -2.13    2.37   -1.86
2022 05 28 09 04 00     5.99   -5.66    3.88   -3.59    2.11   -2.06    3.92   -3.67    1.74   -2.11    2.19   -1.56
2022 05 28 09 06 00     6.04   -5.56    3.89   -3.51    2.14   -2.04    3.83   -3.43    1.64   -2.00    2.18   -1.43
2022 05 28 09 08 00     5.80   -5.36    3.62   -3.36    2.18   -2.00    3.49   -3.19    1.60   -2.05    1.89   -1.14
2022 05 28 09 10 00     5.70   -5.07    3.44   -3.18    2.27   -1.89    3.38   -3.16    1.34   -1.68    2.04   -1.48
2022 05 28 09 12 00     5.47   -4.71    3.24   -2.87    2.23   -1.84    3.04   -2.74    1.24   -1.49    1.80   -1.26
2022 05 28 09 14 00     5.32   -4.62    3.22   -2.82    2.11   -1.81    3.12   -2.84    1.34   -1.58    1.78   -1.26
2022 05 28 09 16 00     5.38   -4.66    2.88   -2.49    2.50   -2.17    3.47   -3.16    1.51   -1.70    1.96   -1.46
2022 05 28 09 18 00     5.49   -4.94    3.17   -2.65    2.33   -2.29    3.76   -3.42    1.51   -1.65    2.25   -1.78
2022 05 28 09 20 00     5.66   -5.62    3.34   -2.99    2.32   -2.63    4.06   -3.60    1.59   -1.47    2.48   -2.14
2022 05 28 09 22 00     5.68   -5.51    3.35   -2.96    2.34   -2.55    3.96   -3.46    1.51   -1.45    2.45   -2.01
2022 05 28 09 24 00     5.76   -5.49    3.43   -3.03    2.33   -2.47    4.22   -3.62    1.53   -1.46    2.69   -2.17
2022 05 28 09 26 00     5.10   -5.21    3.10   -2.71    2.00   -2.50    3.33   -2.85    1.31   -1.13    2.02   -1.72
2022 05 28 09 28 00     4.57   -4.35    2.94   -2.34    1.63   -2.01    2.85   -2.54    1.26   -1.24    1.59   -1.31
2022 05 28 09 30 00     4.34   -3.76    2.80   -2.01    1.54   -1.75    3.20   -3.00    1.21   -1.20    1.98   -1.81
2022 05 28 09 32 00     4.36   -3.86    2.69   -1.99    1.67   -1.87    3.34   -3.17    1.22   -1.19    2.12   -1.98
2022 05 28 09 34 00     4.41   -3.74    2.57   -1.78    1.84   -1.96    3.08   -2.92    1.21   -1.23    1.87   -1.69
2022 05 28 09 36 00     4.45   -3.79    2.50   -1.78    1.94   -2.00    2.60   -2.40    1.02   -1.02    1.58   -1.39
2022 05 28 09 38 00     4.05   -3.54    2.33   -1.63    1.72   -1.91    2.61   -2.21    1.05   -0.99    1.56   -1.23
2022 05 28 09 40 00     3.93   -3.49    2.35   -1.66    1.58   -1.83    2.26   -1.89    0.75   -0.70    1.50   -1.19
2022 05 28 09 42 00     3.59   -3.62    2.16   -1.77    1.43   -1.85    2.12   -1.83    0.75   -0.74    1.38   -1.09
2022 05 28 09 44 00     4.09   -3.85    2.20   -1.79    1.89   -2.06    2.26   -1.88    0.76   -0.69    1.50   -1.19
2022 05 28 09 46 00     3.82   -3.59    2.30   -2.00    1.52   -1.59    2.05   -1.89    0.64   -0.65    1.41   -1.24
2022 05 28 09 48 00     4.08   -3.88    2.27   -1.96    1.81   -1.92    2.29   -2.05    0.65   -0.65    1.64   -1.39
2022 05 28 09 50 00     4.34   -4.11    2.35   -2.09    1.98   -2.02    2.56   -2.34    0.91   -0.91    1.66   -1.43
2022 05 28 09 52 00     4.33   -3.82    2.27   -1.81    2.06   -2.01    2.84   -2.67    0.97   -0.96    1.87   -1.71
2022 05 28 09 54 00     4.38   -3.96    2.39   -2.05    1.98   -1.91    3.35   -3.21    1.05   -1.16    2.31   -2.04
2022 05 28 09 56 00     3.98   -3.44    2.08   -1.66    1.90   -1.78    3.11   -3.02    1.02   -1.11    2.09   -1.91
2022 05 28 09 58 00     3.87   -3.38    2.16   -1.64    1.72   -1.74    3.48   -3.19    1.21   -1.39    2.27   -1.80
2022 05 28 10 00 00     3.76   -3.26    2.03   -1.49    1.73   -1.77    3.41   -3.29    1.23   -1.51    2.18   -1.77
2022 05 28 10 02 00     3.92   -3.35    2.13   -1.58    1.79   -1.77    3.39   -3.25    1.25   -1.58    2.13   -1.67
2022 05 28 10 04 00     3.72   -3.16    2.11   -1.70    1.61   -1.46    3.31   -3.33    1.27   -1.58    2.04   -1.74
2022 05 28 10 06 00     3.76   -3.23    2.16   -1.91    1.60   -1.32    3.57   -3.36    1.40   -1.70    2.17   -1.66
2022 05 28 10 08 00     3.99   -3.69    2.43   -2.23    1.56   -1.46    3.73   -3.55    1.48   -1.82    2.26   -1.72
2022 05 28 10 10 00     4.11   -3.94    2.28   -2.07    1.84   -1.87    3.76   -3.51    1.44   -1.77    2.33   -1.74
2022 05 28 10 12 00     4.48   -4.14    2.36   -2.16    2.12   -1.98    4.08   -3.91    1.56   -1.85    2.52   -2.06
2022 05 28 10 14 00     4.54   -4.26    2.44   -2.30    2.10   -1.96    3.51   -3.51    1.32   -1.67    2.19   -1.84
2022 05 28 10 16 00     4.43   -4.14    2.42   -2.24    2.01   -1.90    4.09   -4.18    1.46   -1.92    2.63   -2.26
2022 05 28 10 18 00     3.92   -3.73    2.33   -2.15    1.60   -1.58    4.16   -4.19    1.41   -1.91    2.75   -2.28
2022 05 28 10 20 00     4.13   -3.77    2.16   -2.11    1.97   -1.65    4.08   -4.07    1.49   -2.02    2.60   -2.04
2022 05 28 10 22 00     4.45   -4.09    2.21   -2.18    2.25   -1.90    4.16   -4.07    1.52   -2.01    2.64   -2.06
2022 05 28 10 24 00     4.36   -4.24    2.23   -2.33    2.13   -1.91    4.29   -3.98    1.68   -2.02    2.62   -1.96
2022 05 28 10 26 00     4.29   -4.04    2.15   -2.18    2.14   -1.86    4.18   -4.08    1.54   -1.91    2.65   -2.17
2022 05 28 10 28 00     4.35   -4.32    2.26   -2.38    2.09   -1.95    4.20   -3.84    1.63   -1.93    2.57   -1.91
2022 05 28 10 30 00     4.44   -4.33    2.34   -2.50    2.10   -1.83    4.32   -3.89    1.67   -1.98    2.65   -1.91
2022 05 28 10 32 00     4.65   -4.21    2.35   -2.28    2.30   -1.92    4.72   -4.30    1.72   -2.18    3.00   -2.12
2022 05 28 10 34 00     4.40   -4.28    2.22   -2.38    2.18   -1.90    4.67   -4.30    1.63   -2.17    3.03   -2.12
2022 05 28 10 36 00     4.31   -4.04    2.17   -2.26    2.14   -1.78    4.15   -3.89    1.41   -1.91    2.74   -1.98
2022 05 28 10 38 00     4.57   -4.56    2.37   -2.80    2.20   -1.76    4.04   -3.73    1.28   -1.62    2.76   -2.12
2022 05 28 10 40 00     4.46   -4.63    2.22   -2.67    2.23   -1.95    3.99   -3.71    1.37   -1.62    2.62   -2.09
2022 05 28 10 42 00     4.63   -4.54    2.35   -2.61    2.29   -1.93    3.67   -3.45    1.18   -1.52    2.49   -1.93
2022 05 28 10 44 00     4.31   -4.32    2.31   -2.44    2.00   -1.87    3.35   -3.03    1.06   -1.23    2.29   -1.81
2022 05 28 10 46 00     4.06   -3.90    2.00   -2.04    2.05   -1.86    3.47   -3.18    1.16   -1.36    2.30   -1.82
2022 05 28 10 48 00     4.13   -4.04    2.02   -2.11    2.11   -1.94    3.18   -3.01    0.99   -1.24    2.19   -1.77
2022 05 28 10 50 00     3.92   -3.63    2.00   -1.98    1.91   -1.65    3.24   -3.06    0.95   -1.20    2.30   -1.86
2022 05 28 10 52 00     3.97   -3.77    2.06   -1.99    1.90   -1.78    3.05   -3.02    0.98   -1.33    2.07   -1.69
2022 05 28 10 54 00     3.79   -3.47    2.02   -1.93    1.77   -1.53    3.33   -3.27    1.17   -1.41    2.16   -1.86
2022 05 28 10 56 00     3.60   -3.30    1.81   -1.78    1.79   -1.51    2.98   -2.68    1.18   -1.38    1.80   -1.30
2022 05 28 10 58 00     4.04   -3.78    2.13   -2.14    1.91   -1.64    2.88   -2.69    1.09   -1.36    1.79   -1.33
2022 05 28 11 00 00     4.04   -3.75    2.25   -2.36    1.79   -1.39    2.80   -2.62    1.06   -1.35    1.75   -1.27
2022 05 28 11 02 00     4.10   -4.07    2.43   -2.50    1.67   -1.57    2.69   -2.51    0.94   -1.21    1.75   -1.30
2022 05 28 11 04 00     3.90   -3.87    2.24   -2.26    1.66   -1.61    2.32   -1.97    0.68   -0.80    1.64   -1.17
2022 05 28 11 06 00     4.08   -3.97    2.25   -2.21    1.83   -1.75    2.25   -1.92    0.78   -0.71    1.46   -1.20
2022 05 28 11 08 00     3.60   -3.66    2.11   -2.05    1.49   -1.60    2.40   -2.01    0.79   -0.77    1.60   -1.23
2022 05 28 11 10 00     3.82   -3.93    2.00   -1.93    1.82   -2.00    2.49   -2.07    0.84   -0.83    1.64   -1.25
2022 05 28 11 12 00     3.99   -4.04    2.01   -2.00    1.98   -2.04    2.82   -2.43    0.90   -0.89    1.92   -1.55
2022 05 28 11 14 00     3.46   -3.46    1.93   -1.99    1.53   -1.48    2.74   -2.52    1.00   -1.11    1.74   -1.41
2022 05 28 11 16 00     3.75   -3.45    2.13   -2.01    1.62   -1.43    2.17   -1.92    0.78   -0.90    1.39   -1.02
2022 05 28 11 18 00     3.43   -3.28    1.87   -2.01    1.56   -1.27    2.12   -1.87    0.77   -0.85    1.35   -1.02
2022 05 28 11 20 00     3.17   -3.09    1.75   -1.88    1.43   -1.20    2.01   -1.83    0.64   -0.74    1.37   -1.09
2022 05 28 11 22 00     3.19   -3.21    1.89   -1.89    1.30   -1.32    2.08   -1.79    0.92   -0.95    1.16   -0.84
2022 05 28 11 24 00     3.15   -3.00    1.84   -1.79    1.30   -1.22    2.12   -1.88    0.92   -1.02    1.20   -0.87
2022 05 28 11 26 00     3.15   -3.02    1.80   -1.79    1.34   -1.24    2.25   -2.10    1.11   -1.30    1.15   -0.80
2022 05 28 11 28 00     3.22   -3.24    1.89   -1.88    1.33   -1.36    2.20   -2.10    1.12   -1.34    1.08   -0.76
2022 05 28 11 30 00     3.47   -3.20    1.86   -1.94    1.61   -1.26    1.90   -1.70    0.81   -1.17    1.09   -0.53
2022 05 28 11 32 00     3.30   -3.18    1.91   -2.18    1.39   -1.00    2.30   -2.19    0.97   -1.28    1.33   -0.91
2022 05 28 11 34 00     2.75   -2.69    1.50   -1.83    1.25   -0.86    2.11   -1.93    0.81   -1.04    1.30   -0.88
2022 05 28 11 36 00     2.77   -2.72    1.41   -1.66    1.37   -1.06    2.14   -2.13    0.84   -1.16    1.30   -0.96
2022 05 28 11 38 00     2.91   -2.57    1.58   -1.65    1.33   -0.92    2.07   -1.77    0.80   -0.90    1.27   -0.87
2022 05 28 11 40 00     3.07   -2.63    1.88   -1.92    1.19   -0.71    1.80   -1.76    0.80   -1.01    1.00   -0.75
2022 05 28 11 42 00     3.34   -2.97    2.08   -2.12    1.27   -0.84    1.56   -1.61    0.76   -0.96    0.79   -0.65
2022 05 28 11 44 00     3.42   -2.82    2.21   -2.16    1.21   -0.67    1.37   -1.41    0.70   -0.91    0.67   -0.50
2022 05 28 11 46 00     3.21   -2.89    2.18   -2.37    1.03   -0.52    1.70   -1.63    0.97   -1.10    0.73   -0.52
2022 05 28 11 48 00     3.00   -2.77    1.93   -2.16    1.07   -0.61    1.59   -1.53    0.96   -1.11    0.64   -0.42
2022 05 28 11 50 00     3.02   -2.68    1.93   -2.04    1.09   -0.63    1.48   -1.35    0.87   -1.02    0.61   -0.33
2022 05 28 11 52 00     2.98   -2.60    1.92   -1.93    1.06   -0.67    1.44   -1.38    0.86   -1.04    0.58   -0.34
2022 05 28 11 54 00     2.88   -2.53    1.85   -1.92    1.03   -0.61    1.14   -1.31    0.73   -1.00    0.41   -0.31
2022 05 28 11 56 00     3.01   -2.62    1.94   -1.99    1.07   -0.64    1.38   -1.49    0.88   -1.13    0.50   -0.36
2022 05 28 11 58 00     3.26   -2.88    2.24   -2.11    1.02   -0.77    1.64   -1.56    0.90   -1.19    0.74   -0.37
2022 05 28 12 00 00     3.26   -2.81    2.10   -1.98    1.16   -0.82    1.52   -1.43    0.81   -1.03    0.72   -0.39
